date_time,wind_speed_BKK,wind_direction_BKK,wind_speed_Chiangmai,wind_direction_Chiangmai,wind_speed_Khonkaen,wind_direction_Khonkaen,wind_speed_Rayong,wind_direction_Rayong,wind_speed_Saraburi,wind_direction_Saraburi,wind_speed_Surat,wind_direction_Surat
2020-06-30 22:00:00,35,270,17,225,21,230,47,270,41,250,23,260
2020-07-01 01:00:00,42,260,24,265,37,240,41,260,41,255,21,255
2020-07-01 04:00:00,55,270,23,280,39,255,46,260,49,265,29,255
2020-07-01 07:00:00,53,250,18,265,36,260,40,255,52,260,35,250
2020-07-01 10:00:00,51,260,22,265,34,265,38,250,61,260,36,250
2020-07-01 13:00:00,33,280,20,240,20,255,35,260,46,275,29,255
2020-07-01 16:00:00,35,265,23,250,16,265,36,270,48,270,29,260
2020-07-01 19:00:00,46,270,24,260,9,270,43,275,39,270,23,260
2020-07-01 22:00:00,60,275,28,275,9,260,50,280,43,280,25,270
2020-07-02 01:00:00,39,275,24,270,15,240,39,275,48,280,23,265
2020-07-02 04:00:00,40,275,22,275,23,265,36,270,40,280,25,265
2020-07-02 07:00:00,34,270,19,280,18,275,32,260,44,275,24,260
2020-07-02 10:00:00,34,270,14,275,18,280,39,260,40,275,23,250
2020-07-02 13:00:00,27,260,11,250,16,255,33,260,22,255,24,245
2020-07-02 16:00:00,27,255,9,235,12,240,41,255,31,255,27,260
2020-07-02 19:00:00,35,260,15,235,11,235,39,265,33,240,29,260
2020-07-02 22:00:00,34,275,17,245,20,220,42,265,36,255,29,260
2020-07-03 01:00:00,39,290,21,250,16,240,35,280,30,265,37,250
2020-07-03 04:00:00,40,285,24,270,16,250,38,285,34,280,41,245
2020-07-03 07:00:00,35,275,23,275,12,255,35,270,30,275,35,245
2020-07-03 10:00:00,34,270,19,260,10,250,36,260,34,265,44,240
2020-07-03 13:00:00,31,260,11,215,10,275,32,250,27,260,37,250
2020-07-03 16:00:00,31,250,18,215,10,260,39,250,33,250,30,255
2020-07-03 19:00:00,53,250,24,225,12,205,48,250,41,235,31,265
2020-07-03 22:00:00,53,255,27,255,22,185,47,245,46,250,33,265
2020-07-04 01:00:00,46,265,25,260,21,210,42,260,46,265,37,260
2020-07-04 04:00:00,44,265,23,255,25,225,42,255,44,275,34,265
2020-07-04 07:00:00,31,255,24,260,31,255,37,255,33,260,38,270
2020-07-04 10:00:00,34,270,23,250,22,270,38,260,30,260,35,265
2020-07-04 13:00:00,26,280,13,260,20,270,32,265,32,270,34,275
2020-07-04 16:00:00,39,265,15,240,11,250,35,270,42,265,30,275
2020-07-04 19:00:00,39,260,21,255,8,270,39,270,42,260,30,290
2020-07-04 22:00:00,49,275,20,265,10,250,33,280,47,255,19,290
2020-07-05 01:00:00,45,270,16,255,12,225,33,285,42,265,12,275
2020-07-05 04:00:00,42,280,15,265,10,240,29,280,38,280,20,290
2020-07-05 07:00:00,38,270,12,230,7,280,39,290,51,265,25,285
2020-07-05 10:00:00,42,280,11,225,9,330,39,290,45,270,22,290
2020-07-05 13:00:00,24,280,15,260,2,40,40,295,19,285,9,265
2020-07-05 16:00:00,34,265,15,265,2,345,39,285,20,270,14,265
2020-07-05 19:00:00,23,295,16,230,4,230,33,285,18,270,19,310
2020-07-05 22:00:00,32,290,28,270,4,190,24,285,20,260,15,320
2020-07-06 01:00:00,26,300,21,275,11,215,22,300,17,260,13,295
2020-07-06 04:00:00,26,325,16,280,14,225,28,315,22,305,15,300
2020-07-06 07:00:00,19,305,14,300,8,270,19,315,17,340,16,315
2020-07-06 10:00:00,22,335,10,285,2,285,21,320,21,355,16,305
2020-07-06 13:00:00,10,345,7,265,2,165,14,320,6,15,11,300
2020-07-06 16:00:00,9,305,9,210,7,180,12,305,4,305,13,285
2020-07-06 19:00:00,7,0,15,270,10,175,4,340,12,10,9,315
2020-07-06 22:00:00,7,340,13,265,13,185,4,190,6,10,8,305
2020-07-07 01:00:00,5,130,11,260,6,155,12,185,6,145,13,300
2020-07-07 04:00:00,8,150,12,270,12,145,13,200,11,170,10,315
2020-07-07 07:00:00,5,165,4,275,20,165,10,175,8,185,8,325
2020-07-07 10:00:00,6,165,8,240,19,175,14,145,10,155,3,300
2020-07-07 13:00:00,9,145,7,225,18,175,16,140,13,145,7,315
2020-07-07 16:00:00,16,170,9,175,17,180,19,160,17,165,5,295
2020-07-07 19:00:00,29,150,8,215,21,160,28,155,27,155,2,240
2020-07-07 22:00:00,28,155,14,185,18,175,26,170,26,155,6,175
2020-07-08 01:00:00,22,160,19,195,13,160,24,185,20,150,10,245
2020-07-08 04:00:00,18,175,18,185,17,150,25,175,19,160,10,260
2020-07-08 07:00:00,22,190,20,185,17,185,23,180,20,180,8,225
2020-07-08 10:00:00,22,195,24,195,16,205,20,185,19,190,11,240
2020-07-08 13:00:00,15,175,17,195,19,210,16,185,18,190,9,240
2020-07-08 16:00:00,17,180,15,195,16,210,18,190,15,200,4,265
2020-07-08 19:00:00,16,190,15,220,15,190,14,190,18,185,7,255
2020-07-08 22:00:00,18,190,13,225,16,185,17,180,22,190,7,240
2020-07-09 01:00:00,15,205,18,225,22,200,10,190,22,200,5,305
2020-07-09 04:00:00,14,225,17,240,25,230,12,210,18,225,9,280
2020-07-09 07:00:00,14,235,18,245,25,240,12,210,16,225,12,245
2020-07-09 10:00:00,13,250,15,250,22,245,12,220,18,225,20,265
2020-07-09 13:00:00,12,250,20,250,15,225,10,245,16,230,18,280
2020-07-09 16:00:00,12,265,18,235,20,230,13,265,20,250,17,285
2020-07-09 19:00:00,11,240,22,265,17,205,9,245,23,235,10,300
2020-07-09 22:00:00,13,245,22,260,23,215,11,245,23,240,5,290
2020-07-10 01:00:00,12,245,20,265,20,205,10,225,22,240,12,260
2020-07-10 04:00:00,13,240,23,265,26,220,13,230,22,235,17,260
2020-07-10 07:00:00,14,245,21,255,17,250,12,225,20,245,13,250
2020-07-10 10:00:00,16,275,19,250,15,250,10,260,20,255,16,265
2020-07-10 13:00:00,14,275,17,245,16,230,11,280,14,255,17,280
2020-07-10 16:00:00,17,285,17,235,18,230,14,270,16,255,13,295
2020-07-10 19:00:00,16,250,21,260,17,210,14,230,25,250,16,290
2020-07-10 22:00:00,13,255,20,260,21,205,11,245,32,235,17,290
2020-07-11 01:00:00,10,225,23,260,26,195,9,245,21,225,22,290
2020-07-11 04:00:00,10,230,27,260,25,225,8,275,17,220,24,285
2020-07-11 07:00:00,16,265,21,250,17,235,8,270,21,260,16,295
2020-07-11 10:00:00,16,275,21,255,13,255,9,270,17,280,17,295
2020-07-11 13:00:00,14,310,26,270,13,220,7,310,9,290,17,290
2020-07-11 16:00:00,12,305,12,255,16,225,10,310,10,270,14,290
2020-07-11 19:00:00,17,300,21,260,4,185,15,320,15,280,9,290
2020-07-11 22:00:00,5,300,22,270,18,175,6,335,15,270,6,285
2020-07-12 01:00:00,6,270,19,250,23,190,4,20,12,245,12,280
2020-07-12 04:00:00,9,260,16,260,27,195,1,240,13,230,13,280
2020-07-12 07:00:00,9,240,14,245,25,205,5,185,13,220,11,225
2020-07-12 10:00:00,10,235,14,250,19,215,10,205,14,235,18,245
2020-07-12 13:00:00,8,220,18,245,15,220,10,220,13,225,20,255
2020-07-12 16:00:00,9,225,16,210,10,240,14,225,13,235,29,255
2020-07-12 19:00:00,9,230,5,270,6,225,13,225,16,235,21,265
2020-07-12 22:00:00,4,210,6,215,12,170,11,225,14,245,31,265
2020-07-13 01:00:00,13,215,15,215,20,195,17,220,20,215,32,270
2020-07-13 04:00:00,14,215,13,190,22,215,18,225,21,210,34,270
2020-07-13 07:00:00,13,260,26,210,36,195,17,240,21,215,23,265
2020-07-13 10:00:00,15,260,17,250,29,195,19,240,21,240,24,260
2020-07-13 13:00:00,6,315,18,240,19,205,9,215,12,235,15,265
2020-07-13 16:00:00,5,270,9,245,12,180,12,220,14,250,17,250
2020-07-13 19:00:00,13,240,9,225,19,170,17,210,16,245,38,245
2020-07-13 22:00:00,15,240,9,235,20,155,17,225,21,220,44,245
2020-07-14 01:00:00,21,255,13,185,10,170,22,245,22,235,35,250
2020-07-14 04:00:00,20,250,14,170,19,175,21,250,23,240,21,255
2020-07-14 07:00:00,19,250,18,185,18,185,20,240,23,240,24,260
2020-07-14 10:00:00,14,245,12,180,15,190,21,270,19,250,18,260
2020-07-14 13:00:00,13,295,13,180,9,210,17,300,12,260,23,270
2020-07-14 16:00:00,14,285,12,175,5,180,15,300,11,280,18,270
2020-07-14 19:00:00,19,285,15,190,5,120,20,300,6,255,17,270
2020-07-14 22:00:00,9,270,13,205,9,160,13,305,13,265,12,255
2020-07-15 01:00:00,11,270,13,225,6,185,11,275,14,260,10,265
2020-07-15 04:00:00,7,275,9,270,11,195,12,270,14,260,13,290
2020-07-15 07:00:00,12,260,9,200,9,150,17,255,12,285,17,295
2020-07-15 10:00:00,12,265,9,180,11,180,13,265,11,270,13,305
2020-07-15 13:00:00,12,250,7,195,10,210,15,280,12,235,17,310
2020-07-15 16:00:00,16,250,9,200,9,180,16,285,14,230,22,290
2020-07-15 19:00:00,5,205,11,200,7,175,13,295,8,230,11,310
2020-07-15 22:00:00,11,215,13,225,11,130,17,280,12,215,7,315
2020-07-16 01:00:00,13,280,17,230,24,180,12,300,17,210,9,285
2020-07-16 04:00:00,17,290,12,270,21,205,11,280,18,225,13,280
2020-07-16 07:00:00,19,270,7,265,15,190,8,305,16,240,14,290
2020-07-16 10:00:00,22,260,7,260,16,195,9,290,13,225,15,275
2020-07-16 13:00:00,12,250,4,185,13,190,12,285,13,205,9,255
2020-07-16 16:00:00,19,250,10,200,17,180,20,270,19,215,15,280
2020-07-16 19:00:00,24,230,12,180,24,170,23,245,31,205,11,310
2020-07-16 22:00:00,14,240,17,190,20,175,18,245,31,220,5,250
2020-07-17 01:00:00,17,225,18,195,21,175,18,225,26,235,5,290
2020-07-17 04:00:00,16,215,14,215,19,190,18,210,22,220,3,230
2020-07-17 07:00:00,16,265,11,195,20,200,12,225,23,205,2,355
2020-07-17 10:00:00,15,250,8,220,19,200,10,240,21,200,2,280
2020-07-17 13:00:00,11,245,10,195,18,180,10,245,15,205,8,295
2020-07-17 16:00:00,10,245,13,180,21,185,11,255,20,220,11,295
2020-07-17 19:00:00,10,230,14,190,24,170,8,250,25,215,5,15
2020-07-17 22:00:00,7,235,19,205,24,180,7,230,22,235,5,35
2020-07-18 01:00:00,6,155,18,215,12,165,4,205,14,185,3,30
2020-07-18 04:00:00,6,170,16,215,11,165,6,205,12,185,5,20
2020-07-18 07:00:00,6,205,15,255,13,210,2,195,11,215,3,80
2020-07-18 10:00:00,5,225,21,265,12,220,4,185,11,240,8,85
2020-07-18 13:00:00,12,190,12,235,14,195,9,205,11,205,4,145
2020-07-18 16:00:00,12,195,12,230,16,215,8,200,17,215,3,175
2020-07-18 19:00:00,2,225,22,245,12,190,5,160,10,255,4,150
2020-07-18 22:00:00,7,305,19,245,17,185,7,185,11,285,5,90
2020-07-19 01:00:00,6,210,22,260,14,200,15,190,8,260,9,140
2020-07-19 04:00:00,5,165,22,260,22,205,12,190,12,220,8,165
2020-07-19 07:00:00,8,185,20,265,22,215,6,165,8,195,3,175
2020-07-19 10:00:00,12,185,22,260,17,225,8,170,10,215,3,230
2020-07-19 13:00:00,9,190,19,250,13,220,8,210,13,215,4,205
2020-07-19 16:00:00,6,220,11,245,15,245,11,250,11,230,6,235
2020-07-19 19:00:00,4,245,18,280,8,230,9,215,15,245,5,245
2020-07-19 22:00:00,14,315,16,270,4,210,9,225,20,280,2,240
2020-07-20 01:00:00,8,335,8,265,12,230,8,230,8,295,1,250
2020-07-20 04:00:00,6,300,13,260,9,260,4,285,7,265,2,275
2020-07-20 07:00:00,1,270,17,275,8,265,3,145,5,240,4,60
2020-07-20 10:00:00,5,300,12,260,9,230,2,195,3,265,5,65
2020-07-20 13:00:00,0,55,14,255,10,220,6,170,7,230,3,85
2020-07-20 16:00:00,4,315,11,220,7,240,2,205,10,250,3,10
2020-07-20 19:00:00,4,235,9,250,6,220,3,195,10,230,4,60
2020-07-20 22:00:00,5,340,9,220,11,180,6,175,5,195,8,80
2020-07-21 01:00:00,7,85,13,215,13,210,5,145,9,255,7,75
2020-07-21 04:00:00,10,140,13,235,14,215,8,130,6,265,7,95
2020-07-21 07:00:00,9,125,10,245,10,180,9,135,3,300,5,80
2020-07-21 10:00:00,8,125,5,255,8,160,5,120,2,95,4,90
2020-07-21 13:00:00,7,165,16,255,9,160,9,140,3,80,4,90
2020-07-21 16:00:00,10,165,18,275,9,150,10,155,5,185,4,45
2020-07-21 19:00:00,12,180,12,280,10,170,12,165,10,180,4,85
2020-07-21 22:00:00,14,170,4,260,10,160,12,170,10,160,4,100
2020-07-22 01:00:00,10,205,9,210,16,165,11,220,16,210,3,155
2020-07-22 04:00:00,8,240,10,195,18,190,7,210,13,225,1,105
2020-07-22 07:00:00,9,210,13,220,13,185,8,205,8,190,1,215
2020-07-22 10:00:00,8,175,10,235,18,180,12,145,11,155,4,160
2020-07-22 13:00:00,8,175,12,210,16,195,15,165,11,155,5,185
2020-07-22 16:00:00,10,155,11,165,14,190,16,155,15,165,5,160
2020-07-22 19:00:00,12,160,18,185,10,205,17,165,15,160,6,185
2020-07-22 22:00:00,17,185,24,190,18,175,17,165,14,170,6,190
2020-07-23 01:00:00,13,210,16,185,13,185,16,175,17,190,8,225
2020-07-23 04:00:00,12,190,15,190,17,175,19,180,15,195,5,205
2020-07-23 07:00:00,16,190,14,195,17,180,14,190,21,190,6,160
2020-07-23 10:00:00,9,205,13,190,10,180,11,210,15,190,6,165
2020-07-23 13:00:00,6,170,9,185,8,185,9,220,10,185,8,190
2020-07-23 16:00:00,4,165,10,185,5,195,8,255,7,185,11,210
2020-07-23 19:00:00,5,215,10,195,10,150,2,215,8,160,7,205
2020-07-23 22:00:00,3,240,11,205,9,170,6,225,3,160,3,185
2020-07-24 01:00:00,1,145,13,190,18,180,7,195,4,175,5,250
2020-07-24 04:00:00,5,95,9,200,11,175,6,215,8,150,5,230
2020-07-24 07:00:00,8,155,8,230,6,195,7,105,10,155,4,140
2020-07-24 10:00:00,11,160,3,230,3,190,6,135,11,140,7,90
2020-07-24 13:00:00,3,165,2,170,4,160,3,220,4,150,5,145
2020-07-24 16:00:00,4,120,4,165,3,145,5,330,3,175,2,125
2020-07-24 19:00:00,3,5,4,130,11,125,4,325,8,110,1,35
2020-07-24 22:00:00,5,100,11,175,12,175,2,255,9,95,6,110
2020-07-25 01:00:00,5,150,16,190,2,155,7,220,7,125,11,150
2020-07-25 04:00:00,4,170,13,200,6,135,7,200,6,140,11,140
2020-07-25 07:00:00,9,70,9,200,11,100,1,35,11,70,8,140
2020-07-25 10:00:00,5,125,6,200,16,95,3,180,13,80,6,145
2020-07-25 13:00:00,8,160,8,140,8,130,10,195,3,125,7,190
2020-07-25 16:00:00,9,180,13,165,7,125,12,190,3,145,6,210
2020-07-25 19:00:00,11,140,9,175,12,140,13,175,8,125,3,200
2020-07-25 22:00:00,14,155,11,200,16,165,18,175,12,135,5,205
2020-07-26 01:00:00,18,175,19,190,17,160,18,185,13,160,11,230
2020-07-26 04:00:00,20,190,22,190,14,150,21,190,16,185,11,210
2020-07-26 07:00:00,24,195,16,205,11,175,23,190,15,185,10,180
2020-07-26 10:00:00,20,205,11,230,13,170,19,195,18,195,9,175
2020-07-26 13:00:00,14,210,6,175,15,195,17,220,15,195,10,225
2020-07-26 16:00:00,15,205,7,185,12,205,22,225,16,205,11,225
2020-07-26 19:00:00,9,230,13,170,13,190,19,220,19,210,7,235
2020-07-26 22:00:00,7,220,13,185,16,170,19,225,15,205,8,235
2020-07-27 01:00:00,8,215,16,195,11,190,18,230,14,185,9,255
2020-07-27 04:00:00,12,225,15,195,15,200,16,240,14,190,6,270
2020-07-27 07:00:00,18,215,14,205,15,205,17,215,15,195,6,220
2020-07-27 10:00:00,19,205,9,205,16,210,18,220,17,205,11,225
2020-07-27 13:00:00,11,200,11,190,12,210,15,230,13,205,11,225
2020-07-27 16:00:00,10,225,9,190,11,210,15,235,17,210,9,205
2020-07-27 19:00:00,9,255,6,230,12,190,16,230,18,205,9,220
2020-07-27 22:00:00,5,275,4,170,16,185,16,225,15,220,18,205
2020-07-28 01:00:00,6,220,9,170,11,190,13,240,12,205,27,200
2020-07-28 04:00:00,12,215,10,225,13,205,13,225,10,210,27,200
2020-07-28 07:00:00,14,210,6,210,14,195,15,225,10,185,24,200
2020-07-28 10:00:00,11,215,8,185,19,195,9,250,9,190,25,200
2020-07-28 13:00:00,9,230,6,205,12,210,11,235,9,210,10,205
2020-07-28 16:00:00,8,265,10,225,9,235,13,250,11,235,10,200
2020-07-28 19:00:00,14,255,9,235,7,230,20,240,16,225,14,240
2020-07-28 22:00:00,13,275,17,235,13,180,18,260,22,255,13,245
2020-07-29 01:00:00,17,265,15,240,14,195,16,280,13,265,12,225
2020-07-29 04:00:00,25,280,18,255,15,220,18,290,16,260,15,235
2020-07-29 07:00:00,21,285,15,275,16,240,14,295,25,280,9,210
2020-07-29 10:00:00,23,290,11,275,15,255,18,305,23,300,12,220
2020-07-29 13:00:00,21,295,13,250,11,285,22,310,17,285,11,245
2020-07-29 16:00:00,22,285,14,260,9,290,27,310,21,275,16,260
2020-07-29 19:00:00,22,295,15,260,10,265,34,305,30,270,14,270
2020-07-29 22:00:00,33,300,17,270,11,270,31,300,33,290,13,245
2020-07-30 01:00:00,18,265,21,270,15,245,27,280,38,285,17,245
2020-07-30 04:00:00,21,260,19,275,14,245,31,260,40,280,24,245
2020-07-30 07:00:00,34,275,15,300,14,295,26,270,31,270,24,240
2020-07-30 10:00:00,29,280,14,285,20,325,29,265,28,270,35,240
2020-07-30 13:00:00,25,300,8,265,6,290,29,285,21,285,30,250
2020-07-30 16:00:00,29,290,12,270,9,265,35,290,21,275,33,260
2020-07-30 19:00:00,24,295,7,295,6,225,29,305,18,260,31,255
2020-07-30 22:00:00,28,290,11,275,6,220,26,300,23,265,44,250
2020-07-31 01:00:00,21,275,12,280,11,260,20,295,23,270,40,260
2020-07-31 04:00:00,24,275,11,290,15,285,24,285,23,255,48,260
2020-07-31 07:00:00,23,280,11,305,13,300,27,280,26,265,36,270
2020-07-31 10:00:00,22,285,12,300,13,310,32,285,25,275,42,255
2020-07-31 13:00:00,29,300,8,305,9,315,38,280,17,295,33,265
2020-07-31 16:00:00,28,285,5,255,4,355,42,280,20,260,39,275
2020-07-31 19:00:00,26,275,6,270,5,195,25,290,28,260,51,270
2020-07-31 22:00:00,29,270,11,260,10,210,27,270,28,255,62,265
2020-08-01 01:00:00,29,275,14,260,13,255,35,265,31,255,68,270
2020-08-01 04:00:00,41,280,24,275,16,300,42,275,36,275,71,265
2020-08-01 07:00:00,44,270,14,290,27,300,42,265,33,260,61,260
2020-08-01 10:00:00,45,280,18,285,25,310,48,275,34,265,70,250
2020-08-01 13:00:00,45,280,8,290,17,305,51,275,31,270,70,260
2020-08-01 16:00:00,41,270,9,230,26,300,53,275,38,270,73,265
2020-08-01 19:00:00,47,275,11,290,16,265,50,270,42,255,70,270
2020-08-01 22:00:00,58,280,18,280,24,260,62,280,53,265,70,270
2020-08-02 01:00:00,63,270,27,275,40,270,61,275,58,270,73,260
2020-08-02 04:00:00,73,270,31,285,49,260,73,270,66,270,75,255
2020-08-02 07:00:00,65,260,19,310,43,265,66,270,59,260,68,265
2020-08-02 10:00:00,66,265,21,290,67,245,70,260,60,260,69,255
2020-08-02 13:00:00,54,270,13,285,64,245,77,255,51,270,66,270
2020-08-02 16:00:00,71,270,14,265,74,250,86,270,54,275,65,265
2020-08-02 19:00:00,71,260,11,295,64,255,70,265,64,260,60,270
2020-08-02 22:00:00,72,260,15,285,60,255,74,255,55,255,75,260
2020-08-03 01:00:00,81,255,17,280,51,235,78,250,51,255,82,260
2020-08-03 04:00:00,87,260,15,290,46,225,84,260,71,260,82,255
2020-08-03 07:00:00,54,250,3,270,51,235,66,255,69,250,71,255
2020-08-03 10:00:00,75,250,11,195,56,250,73,255,74,245,74,245
2020-08-03 13:00:00,58,245,17,205,52,245,73,250,56,240,58,245
2020-08-03 16:00:00,68,240,30,220,56,230,75,245,58,235,61,250
2020-08-03 19:00:00,56,235,32,215,58,250,62,245,46,230,57,250
2020-08-03 22:00:00,70,245,28,210,54,245,70,245,63,235,76,245
2020-08-04 01:00:00,71,250,26,180,48,235,70,250,56,240,81,250
2020-08-04 04:00:00,74,250,29,145,50,230,66,250,70,240,81,250
2020-08-04 07:00:00,57,250,30,160,47,235,58,250,58,250,74,265
2020-08-04 10:00:00,58,260,31,160,53,240,64,265,57,245,73,245
2020-08-04 13:00:00,50,240,25,190,41,245,53,255,58,245,57,240
2020-08-04 16:00:00,55,240,21,200,40,235,54,250,53,235,59,245
2020-08-04 19:00:00,55,245,24,205,46,250,59,250,52,240,58,260
2020-08-04 22:00:00,67,255,21,200,45,255,59,255,55,250,55,250
2020-08-05 01:00:00,65,250,19,200,35,240,60,255,62,250,61,250
2020-08-05 04:00:00,63,255,12,200,44,250,62,255,64,255,61,250
2020-08-05 07:00:00,47,250,13,215,29,285,51,260,47,250,55,240
2020-08-05 10:00:00,48,245,12,175,27,285,54,250,51,245,53,240
2020-08-05 13:00:00,36,250,16,215,25,280,40,260,44,250,32,240
2020-08-05 16:00:00,38,260,21,245,25,270,39,265,39,260,31,245
2020-08-05 19:00:00,32,275,29,235,20,215,42,275,35,275,26,260
2020-08-05 22:00:00,36,275,22,260,14,205,37,280,30,270,22,265
2020-08-06 01:00:00,26,300,19,270,15,220,28,295,25,270,28,255
2020-08-06 04:00:00,28,305,15,275,18,280,23,295,30,285,25,245
2020-08-06 07:00:00,22,285,9,245,21,280,20,290,23,295,21,260
2020-08-06 10:00:00,20,285,11,235,17,315,15,295,21,285,17,250
2020-08-06 13:00:00,16,300,17,275,8,295,18,305,18,285,19,260
2020-08-06 16:00:00,22,290,11,260,10,330,22,295,26,285,21,250
2020-08-06 19:00:00,19,290,10,250,5,20,17,295,19,280,13,265
2020-08-06 22:00:00,15,285,14,265,5,65,16,310,19,260,15,260
2020-08-07 01:00:00,26,285,14,265,5,5,23,295,26,270,18,250
2020-08-07 04:00:00,24,285,14,280,3,85,24,295,25,280,23,250
2020-08-07 07:00:00,19,285,8,255,9,115,16,265,17,270,15,240
2020-08-07 10:00:00,17,285,8,270,7,165,13,280,17,260,16,240
2020-08-07 13:00:00,25,285,11,260,4,170,21,280,23,280,19,250
2020-08-07 16:00:00,26,270,9,240,2,155,23,275,21,275,27,250
2020-08-07 19:00:00,25,260,16,205,3,120,21,270,29,270,26,245
2020-08-07 22:00:00,23,275,14,220,8,125,20,270,28,270,31,240
2020-08-08 01:00:00,18,275,16,220,14,190,22,270,24,265,28,255
2020-08-08 04:00:00,18,260,13,240,15,205,23,275,20,275,32,250
2020-08-08 07:00:00,25,280,13,235,8,230,24,260,23,275,36,245
2020-08-08 10:00:00,22,285,8,225,4,235,21,265,20,270,47,235
2020-08-08 13:00:00,16,280,11,200,3,195,19,260,16,265,42,240
2020-08-08 16:00:00,16,215,10,190,7,175,29,255,20,240,46,240
2020-08-08 19:00:00,25,235,10,200,12,200,41,245,25,230,45,240
2020-08-08 22:00:00,27,245,15,205,15,205,33,240,27,230,48,245
2020-08-09 01:00:00,20,240,19,200,15,205,33,230,23,235,53,240
2020-08-09 04:00:00,23,240,12,230,15,230,33,240,24,250,58,245
2020-08-09 07:00:00,25,230,14,220,20,250,34,245,25,230,61,240
2020-08-09 10:00:00,32,235,9,240,15,260,41,235,27,230,60,230
2020-08-09 13:00:00,31,235,11,245,13,255,38,245,31,240,46,240
2020-08-09 16:00:00,31,240,5,225,12,230,38,250,27,235,43,250
2020-08-09 19:00:00,29,240,9,205,17,245,30,240,28,230,51,245
2020-08-09 22:00:00,28,245,18,225,21,245,32,240,28,235,55,245
2020-08-10 01:00:00,26,245,15,250,19,240,34,235,26,250,50,250
2020-08-10 04:00:00,27,260,18,250,24,235,35,245,31,250,55,250
2020-08-10 07:00:00,34,250,16,260,29,250,35,250,37,245,46,255
2020-08-10 10:00:00,38,265,18,265,29,250,36,260,36,250,47,250
2020-08-10 13:00:00,36,275,15,240,14,235,39,265,31,260,43,255
2020-08-10 16:00:00,38,260,13,225,20,245,46,265,37,275,40,260
2020-08-10 19:00:00,33,275,18,255,17,245,46,275,34,260,33,270
2020-08-10 22:00:00,42,275,16,265,17,265,51,280,37,265,35,255
2020-08-11 01:00:00,36,270,18,270,18,265,46,285,35,275,39,245
2020-08-11 04:00:00,40,275,20,270,18,270,49,275,38,270,35,245
2020-08-11 07:00:00,40,260,15,270,23,265,37,265,34,260,28,250
2020-08-11 10:00:00,44,260,23,255,17,235,38,260,40,260,30,240
2020-08-11 13:00:00,33,275,20,250,13,225,29,270,32,265,31,250
2020-08-11 16:00:00,39,260,23,240,15,240,27,265,34,260,29,260
2020-08-11 19:00:00,30,270,25,245,4,275,25,255,34,270,28,275
2020-08-11 22:00:00,29,270,29,265,9,285,23,265,32,270,34,265
2020-08-12 01:00:00,28,260,22,270,13,285,23,270,27,275,35,255
2020-08-12 04:00:00,31,270,16,265,18,280,28,265,30,260,37,255
2020-08-12 07:00:00,23,260,21,270,21,265,21,270,27,260,34,255
2020-08-12 10:00:00,22,245,17,255,12,250,19,245,28,250,39,240
2020-08-12 13:00:00,19,225,10,255,7,225,26,225,23,240,37,245
2020-08-12 16:00:00,24,205,7,230,13,225,33,220,33,220,35,255
2020-08-12 19:00:00,28,240,17,205,18,225,35,235,33,220,38,265
2020-08-12 22:00:00,33,245,15,220,27,235,37,240,31,230,44,260
2020-08-13 01:00:00,38,275,18,230,35,240,39,270,36,250,52,260
2020-08-13 04:00:00,36,275,14,235,34,230,38,285,30,250,53,260
2020-08-13 07:00:00,27,265,16,180,23,210,20,265,24,245,60,255
2020-08-13 10:00:00,27,255,16,220,25,210,22,255,32,250,56,255
2020-08-13 13:00:00,22,255,10,210,25,210,26,255,28,245,31,250
2020-08-13 16:00:00,31,245,12,220,25,205,33,250,39,235,36,260
2020-08-13 19:00:00,37,255,22,215,28,215,34,260,42,245,45,260
2020-08-13 22:00:00,37,260,17,225,33,225,35,260,41,250,38,270
2020-08-14 01:00:00,32,275,17,225,39,245,35,270,41,265,25,235
2020-08-14 04:00:00,30,280,13,230,42,255,30,280,39,270,27,230
2020-08-14 07:00:00,31,260,29,230,34,235,32,270,39,265,25,255
2020-08-14 10:00:00,36,245,19,225,23,250,31,250,41,250,29,245
2020-08-14 13:00:00,33,245,21,235,28,240,30,240,40,250,30,255
2020-08-14 16:00:00,37,255,23,230,29,235,35,250,44,245,20,250
2020-08-14 19:00:00,38,260,35,235,28,240,31,270,49,270,12,250
2020-08-14 22:00:00,33,245,38,250,44,215,26,255,41,255,4,260
2020-08-15 01:00:00,35,250,26,245,49,250,27,245,34,255,13,250
2020-08-15 04:00:00,37,250,21,245,51,270,28,250,40,255,17,250
2020-08-15 07:00:00,38,245,9,255,37,265,28,245,41,250,17,255
2020-08-15 10:00:00,38,250,11,220,36,260,31,250,39,250,19,250
2020-08-15 13:00:00,31,250,22,245,43,255,29,260,37,255,15,235
2020-08-15 16:00:00,31,260,28,265,35,255,34,280,38,270,14,250
2020-08-15 19:00:00,23,260,37,260,34,265,26,280,32,270,14,270
2020-08-15 22:00:00,25,270,35,250,28,290,24,280,38,270,17,250
2020-08-16 01:00:00,25,265,29,255,29,290,18,260,35,260,16,255
2020-08-16 04:00:00,30,265,29,260,24,285,23,280,33,265,15,260
2020-08-16 07:00:00,24,270,21,260,13,280,22,280,25,270,16,260
2020-08-16 10:00:00,25,280,22,255,17,260,23,290,30,270,17,265
2020-08-16 13:00:00,22,290,32,270,35,280,24,290,28,280,15,265
2020-08-16 16:00:00,21,265,22,255,30,295,23,290,22,290,14,265
2020-08-16 19:00:00,18,275,19,265,37,300,27,285,15,275,13,270
2020-08-16 22:00:00,22,270,26,270,29,290,20,295,21,260,8,240
2020-08-17 01:00:00,16,280,24,265,29,280,15,295,25,250,9,240
2020-08-17 04:00:00,20,275,22,265,17,265,14,270,25,260,14,255
2020-08-17 07:00:00,17,260,30,270,14,245,14,255,27,255,17,250
2020-08-17 10:00:00,17,255,24,265,14,280,16,245,27,255,19,255
2020-08-17 13:00:00,12,260,26,265,18,280,15,245,21,255,19,250
2020-08-17 16:00:00,17,270,32,265,18,280,19,255,23,255,21,250
2020-08-17 19:00:00,17,265,21,275,19,270,21,275,31,270,15,240
2020-08-17 22:00:00,20,280,23,270,15,265,17,275,23,270,8,260
2020-08-18 01:00:00,17,295,21,270,15,260,17,285,18,260,12,265
2020-08-18 04:00:00,17,285,20,265,17,280,15,280,17,270,17,265
2020-08-18 07:00:00,17,270,25,265,22,270,14,250,21,265,11,265
2020-08-18 10:00:00,19,265,26,265,15,290,18,250,24,260,17,250
2020-08-18 13:00:00,16,265,27,270,18,290,17,265,18,270,20,255
2020-08-18 16:00:00,22,270,25,270,18,285,23,270,22,265,21,265
2020-08-18 19:00:00,21,265,28,275,20,285,29,280,26,260,12,270
2020-08-18 22:00:00,16,255,22,270,17,305,20,290,26,245,6,245
2020-08-19 01:00:00,20,290,19,260,20,290,20,275,27,245,12,250
2020-08-19 04:00:00,21,280,20,260,19,245,22,280,25,265,18,255
2020-08-19 07:00:00,25,280,18,270,17,270,20,280,23,285,19,245
2020-08-19 10:00:00,21,275,14,245,17,275,20,275,18,280,21,240
2020-08-19 13:00:00,16,285,21,260,15,280,16,275,18,265,17,240
2020-08-19 16:00:00,14,255,18,265,13,270,16,260,18,250,16,240
2020-08-19 19:00:00,16,270,28,275,12,265,18,285,22,265,10,250
2020-08-19 22:00:00,15,285,21,280,10,270,19,285,22,270,8,175
2020-08-20 01:00:00,17,255,12,280,8,255,15,270,16,245,9,220
2020-08-20 04:00:00,19,275,11,275,9,250,15,265,14,250,14,245
2020-08-20 07:00:00,18,260,20,275,10,260,20,255,18,265,15,225
2020-08-20 10:00:00,16,240,17,275,13,265,24,250,19,260,18,210
2020-08-20 13:00:00,18,250,15,280,15,275,25,250,21,255,13,245
2020-08-20 16:00:00,13,265,16,275,16,270,24,255,22,250,13,260
2020-08-20 19:00:00,23,270,20,280,16,260,25,280,27,265,15,255
2020-08-20 22:00:00,20,290,18,280,14,275,17,300,26,280,7,215
2020-08-21 01:00:00,12,290,23,285,17,250,13,280,23,270,9,205
2020-08-21 04:00:00,10,295,28,290,23,260,10,270,25,265,9,215
2020-08-21 07:00:00,17,270,25,300,15,260,10,245,25,285,9,240
2020-08-21 10:00:00,22,280,26,295,20,260,12,260,25,280,12,260
2020-08-21 13:00:00,20,300,25,285,23,255,12,280,23,285,8,275
2020-08-21 16:00:00,20,290,25,285,20,260,18,295,26,280,12,275
2020-08-21 19:00:00,30,275,18,300,11,260,23,300,35,270,10,290
2020-08-21 22:00:00,25,270,12,300,10,220,17,280,30,265,8,275
2020-08-22 01:00:00,17,280,11,295,10,220,20,275,20,260,11,285
2020-08-22 04:00:00,16,265,9,320,12,270,20,265,22,260,10,285
2020-08-22 07:00:00,31,280,13,10,16,240,27,275,25,255,13,290
2020-08-22 10:00:00,24,285,21,40,18,200,26,275,21,235,11,280
2020-08-22 13:00:00,24,305,8,65,26,195,27,285,22,260,6,240
2020-08-22 16:00:00,25,265,3,175,25,205,28,255,23,265,13,250
2020-08-22 19:00:00,24,265,3,215,26,180,24,245,22,265,8,235
2020-08-22 22:00:00,21,300,2,190,26,170,25,245,16,285,13,230
2020-08-23 01:00:00,24,290,6,170,25,195,28,255,19,260,19,250
2020-08-23 04:00:00,25,285,8,190,27,205,24,245,19,235,21,250
2020-08-23 07:00:00,25,245,17,180,40,195,27,230,29,245,17,245
2020-08-23 10:00:00,29,230,19,180,35,205,31,230,36,240,20,250
2020-08-23 13:00:00,24,255,17,200,34,215,26,240,29,255,16,255
2020-08-23 16:00:00,35,260,18,240,40,215,27,230,36,245,19,260
2020-08-23 19:00:00,27,265,27,255,43,225,25,245,31,255,8,210
2020-08-23 22:00:00,23,265,26,260,39,240,23,255,28,245,5,185
2020-08-24 01:00:00,29,280,23,260,35,275,28,265,25,270,12,220
2020-08-24 04:00:00,25,285,23,260,24,270,24,275,22,265,10,230
2020-08-24 07:00:00,27,275,16,245,9,230,17,260,24,260,10,220
2020-08-24 10:00:00,25,270,19,245,15,230,18,265,26,270,9,225
2020-08-24 13:00:00,16,265,22,260,18,260,13,270,19,270,4,240
2020-08-24 16:00:00,20,250,31,265,21,260,14,270,25,255,8,245
2020-08-24 19:00:00,21,285,28,260,19,250,18,280,26,270,10,235
2020-08-24 22:00:00,19,295,23,265,21,280,18,285,31,265,1,215
2020-08-25 01:00:00,13,280,22,270,20,275,13,270,27,255,3,315
2020-08-25 04:00:00,15,280,19,270,22,275,11,280,23,265,7,295
2020-08-25 07:00:00,18,280,20,275,33,280,13,275,26,270,1,245
2020-08-25 10:00:00,18,275,20,280,21,300,10,265,26,275,3,180
2020-08-25 13:00:00,14,275,27,275,16,255,10,270,18,275,6,190
2020-08-25 16:00:00,13,270,28,265,14,240,14,285,17,260,6,205
2020-08-25 19:00:00,22,285,24,265,12,215,17,295,19,270,2,175
2020-08-25 22:00:00,22,290,25,265,14,275,22,280,28,265,1,285
2020-08-26 01:00:00,16,275,21,280,16,260,16,270,28,255,8,285
2020-08-26 04:00:00,19,270,20,295,28,275,16,275,27,260,7,305
2020-08-26 07:00:00,19,270,20,290,29,275,15,270,25,265,4,255
2020-08-26 10:00:00,21,275,18,280,21,300,14,270,26,270,9,225
2020-08-26 13:00:00,15,280,25,280,22,295,10,270,17,285,9,220
2020-08-26 16:00:00,20,285,21,275,24,275,18,295,20,270,11,245
2020-08-26 19:00:00,26,285,35,265,28,275,26,290,25,265,7,250
2020-08-26 22:00:00,23,275,32,290,35,290,23,280,33,255,11,260
2020-08-27 01:00:00,19,290,25,285,39,300,13,270,25,260,18,275
2020-08-27 04:00:00,23,285,18,290,33,280,18,265,24,265,16,290
2020-08-27 07:00:00,29,300,24,295,33,295,24,290,25,290,14,290
2020-08-27 10:00:00,30,305,25,295,39,300,24,295,25,310,16,280
2020-08-27 13:00:00,28,310,22,305,28,310,28,305,20,310,14,270
2020-08-27 16:00:00,27,290,24,290,21,295,32,300,23,295,14,275
2020-08-27 19:00:00,24,290,27,310,29,280,33,290,23,270,5,265
2020-08-27 22:00:00,24,285,23,295,15,285,23,285,26,280,7,315
2020-08-28 01:00:00,25,285,17,295,5,285,20,280,24,290,14,290
2020-08-28 04:00:00,25,280,19,290,6,345,18,265,25,270,16,275
2020-08-28 07:00:00,23,300,21,305,10,350,21,280,25,275,16,280
2020-08-28 10:00:00,17,305,17,300,10,355,21,285,22,295,20,270
2020-08-28 13:00:00,20,300,12,305,4,345,21,300,18,295,16,275
2020-08-28 16:00:00,21,295,9,265,4,10,25,295,23,270,17,275
2020-08-28 19:00:00,25,290,7,290,7,150,25,295,10,250,17,295
2020-08-28 22:00:00,32,310,11,260,5,150,23,280,13,280,12,310
2020-08-29 01:00:00,13,285,14,280,1,130,17,270,7,5,16,295
2020-08-29 04:00:00,19,280,14,290,5,105,16,275,6,360,15,295
2020-08-29 07:00:00,6,310,11,315,7,135,12,265,6,10,12,275
2020-08-29 10:00:00,2,335,5,340,10,165,10,260,5,355,13,280
2020-08-29 13:00:00,2,30,1,150,7,185,12,255,3,360,10,275
2020-08-29 16:00:00,5,305,6,180,2,90,18,260,5,295,10,255
2020-08-29 19:00:00,5,260,7,210,5,170,17,265,2,70,4,270
2020-08-29 22:00:00,9,320,9,235,5,230,13,265,4,220,3,255
2020-08-30 01:00:00,4,340,7,230,4,140,4,240,3,270,8,265
2020-08-30 04:00:00,2,35,8,190,7,140,9,200,3,50,5,295
2020-08-30 07:00:00,4,80,7,205,7,75,6,165,8,75,5,295
2020-08-30 10:00:00,3,115,9,195,11,65,7,185,6,90,6,270
2020-08-30 13:00:00,2,200,10,185,5,80,10,195,1,210,9,230
2020-08-30 16:00:00,2,185,12,185,9,105,13,195,3,220,10,205
2020-08-30 19:00:00,6,155,12,190,12,125,14,190,4,105,14,215
2020-08-30 22:00:00,3,110,11,190,8,170,14,195,6,120,10,210
2020-08-31 01:00:00,4,110,15,190,8,130,12,205,4,95,13,230
2020-08-31 04:00:00,2,150,17,180,9,125,13,210,4,100,13,235
2020-08-31 07:00:00,7,160,16,175,13,130,15,205,6,135,10,235
2020-08-31 10:00:00,8,155,15,175,12,130,18,210,10,125,12,225
2020-08-31 13:00:00,6,185,9,170,7,150,14,220,5,120,9,220
2020-08-31 16:00:00,2,160,10,125,5,85,12,230,3,105,8,220
2020-08-31 19:00:00,7,155,10,125,7,90,11,230,8,110,9,180
2020-08-31 22:00:00,6,130,10,80,9,80,8,240,7,115,16,205
2020-09-01 01:00:00,8,165,15,70,11,85,11,210,12,140,14,195
2020-09-01 04:00:00,5,205,14,90,13,95,12,200,9,160,20,195
2020-09-01 07:00:00,11,190,15,85,14,100,13,205,14,200,25,185
2020-09-01 10:00:00,8,205,14,115,14,105,10,235,10,215,30,195
2020-09-01 13:00:00,7,250,9,110,4,100,9,235,8,220,22,190
2020-09-01 16:00:00,7,270,6,60,4,360,12,265,8,225,19,195
2020-09-01 19:00:00,6,230,11,60,5,90,15,255,9,230,24,195
2020-09-01 22:00:00,9,250,9,50,6,130,15,255,7,205,28,185
2020-09-02 01:00:00,10,240,6,125,8,175,16,240,15,230,33,180
2020-09-02 04:00:00,13,255,4,125,4,115,18,250,16,250,35,190
2020-09-02 07:00:00,16,260,5,75,4,255,23,270,23,280,21,185
2020-09-02 10:00:00,18,270,6,95,3,285,23,285,20,270,15,190
2020-09-02 13:00:00,18,285,6,110,3,10,27,285,18,285,7,225
2020-09-02 16:00:00,14,300,6,120,5,345,20,280,13,305,8,250
2020-09-02 19:00:00,13,290,7,90,4,360,19,280,13,300,17,275
2020-09-02 22:00:00,11,295,4,130,5,5,17,270,19,285,23,275
2020-09-03 01:00:00,18,295,6,230,5,30,16,290,13,320,18,290
2020-09-03 04:00:00,18,300,8,290,10,45,17,300,17,310,15,290
2020-09-03 07:00:00,13,315,7,350,10,75,16,335,14,320,6,305
2020-09-03 10:00:00,12,305,10,45,8,90,13,330,10,355,8,0
2020-09-03 13:00:00,7,335,6,95,8,40,9,325,8,30,5,315
2020-09-03 16:00:00,8,5,6,130,8,35,13,345,6,40,7,270
2020-09-03 19:00:00,6,325,6,150,7,115,15,5,7,45,6,325
2020-09-03 22:00:00,9,310,8,175,4,135,12,345,8,80,3,285
2020-09-04 01:00:00,7,20,8,185,14,120,6,10,1,235,3,335
2020-09-04 04:00:00,7,35,6,210,19,125,9,50,2,130,6,240
2020-09-04 07:00:00,9,85,5,230,20,130,14,80,8,115,6,135
2020-09-04 10:00:00,10,100,5,160,15,130,10,100,11,100,8,155
2020-09-04 13:00:00,7,120,7,145,8,135,12,135,5,125,7,180
2020-09-04 16:00:00,3,120,8,150,3,170,12,165,2,175,6,180
2020-09-04 19:00:00,6,100,6,150,6,155,11,170,3,115,8,175
2020-09-04 22:00:00,7,125,9,185,9,175,11,185,7,130,9,140
2020-09-05 01:00:00,8,130,10,190,8,165,11,185,6,140,10,170
2020-09-05 04:00:00,10,105,10,200,8,170,10,200,6,170,9,175
2020-09-05 07:00:00,12,140,10,220,8,160,13,185,9,150,13,150
2020-09-05 10:00:00,12,165,9,225,6,155,12,190,10,160,11,145
2020-09-05 13:00:00,12,195,4,255,10,170,14,210,10,175,9,160
2020-09-05 16:00:00,12,210,6,185,14,200,15,225,12,210,7,160
2020-09-05 19:00:00,10,220,5,195,17,190,13,225,17,200,9,180
2020-09-05 22:00:00,14,255,13,215,18,175,18,220,20,215,9,195
2020-09-06 01:00:00,16,205,12,245,19,190,21,205,20,235,11,210
2020-09-06 04:00:00,20,210,10,240,22,215,18,210,18,220,13,215
2020-09-06 07:00:00,19,220,13,250,21,230,13,215,21,225,14,195
2020-09-06 10:00:00,20,235,16,255,19,240,17,215,20,245,15,210
2020-09-06 13:00:00,16,235,10,240,18,240,21,235,20,245,17,220
2020-09-06 16:00:00,16,245,13,220,14,240,23,250,25,240,16,240
2020-09-06 19:00:00,17,255,15,270,8,190,23,250,29,240,12,225
2020-09-06 22:00:00,16,255,11,250,21,225,20,255,27,225,14,220
2020-09-07 01:00:00,19,255,16,270,21,240,22,260,30,250,20,220
2020-09-07 04:00:00,20,270,16,260,20,265,23,265,28,260,26,230
2020-09-07 07:00:00,15,265,22,275,15,275,19,245,28,255,16,230
2020-09-07 10:00:00,20,265,21,275,15,285,24,260,29,260,19,250
2020-09-07 13:00:00,15,275,13,275,6,270,21,265,23,280,16,270
2020-09-07 16:00:00,14,270,15,265,9,240,18,275,22,265,16,270
2020-09-07 19:00:00,14,265,14,285,4,210,17,300,23,240,11,275
2020-09-07 22:00:00,22,285,11,265,5,210,18,305,25,270,7,235
2020-09-08 01:00:00,9,235,6,275,7,240,11,220,20,245,12,230
2020-09-08 04:00:00,12,235,8,265,9,260,11,210,16,245,12,235
2020-09-08 07:00:00,11,235,6,345,6,230,17,210,18,215,9,245
2020-09-08 10:00:00,14,245,4,35,10,210,19,220,16,205,15,250
2020-09-08 13:00:00,6,225,3,280,12,195,16,230,14,190,8,250
2020-09-08 16:00:00,8,215,7,205,17,190,16,235,16,205,7,235
2020-09-08 19:00:00,8,250,12,190,18,165,14,245,18,215,5,195
2020-09-08 22:00:00,8,245,14,225,19,165,12,240,16,230,7,230
2020-09-09 01:00:00,9,235,12,230,18,175,9,230,15,220,14,260
2020-09-09 04:00:00,10,235,8,240,16,195,9,240,14,245,12,270
2020-09-09 07:00:00,6,225,13,200,11,220,11,225,9,230,3,270
2020-09-09 10:00:00,2,180,12,195,6,200,4,230,5,180,5,220
2020-09-09 13:00:00,6,185,14,195,6,170,4,210,10,190,8,205
2020-09-09 16:00:00,10,185,11,180,11,150,4,185,14,195,4,220
2020-09-09 19:00:00,9,175,14,200,18,155,9,155,16,180,6,200
2020-09-09 22:00:00,10,200,11,220,18,185,13,175,14,190,8,190
2020-09-10 01:00:00,12,180,13,240,12,180,18,190,14,195,9,225
2020-09-10 04:00:00,11,180,10,250,15,185,15,195,14,200,12,235
2020-09-10 07:00:00,11,185,15,220,18,200,14,210,13,200,4,195
2020-09-10 10:00:00,9,210,11,205,18,220,13,215,7,190,5,225
2020-09-10 13:00:00,6,220,18,210,9,240,9,235,4,175,11,225
2020-09-10 16:00:00,1,325,13,225,5,220,7,255,4,160,10,215
2020-09-10 19:00:00,10,185,11,250,14,200,9,195,14,180,6,205
2020-09-10 22:00:00,13,185,12,250,13,175,13,180,20,190,10,225
2020-09-11 01:00:00,15,180,19,230,12,205,13,185,19,200,10,260
2020-09-11 04:00:00,16,195,17,245,17,225,13,200,19,215,5,240
2020-09-11 07:00:00,12,180,13,255,14,205,12,195,14,195,3,175
2020-09-11 10:00:00,12,180,9,245,14,195,7,180,11,180,3,225
2020-09-11 13:00:00,12,165,10,215,8,220,9,165,11,170,14,200
2020-09-11 16:00:00,10,190,11,205,6,220,10,160,9,180,21,210
2020-09-11 19:00:00,13,165,5,225,13,185,15,140,15,160,18,240
2020-09-11 22:00:00,14,165,7,205,10,135,17,155,12,160,18,245
2020-09-12 01:00:00,12,165,10,195,9,150,17,170,13,180,16,220
2020-09-12 04:00:00,13,160,13,195,15,170,13,195,11,180,13,215
2020-09-12 07:00:00,14,180,17,190,18,190,10,185,11,180,13,210
2020-09-12 10:00:00,12,175,16,195,13,190,10,175,9,165,13,200
2020-09-12 13:00:00,11,185,10,205,13,185,5,175,10,150,10,215
2020-09-12 16:00:00,8,170,9,180,5,195,7,145,7,140,9,210
2020-09-12 19:00:00,5,155,9,195,9,160,12,150,10,155,13,205
2020-09-12 22:00:00,12,160,10,185,12,170,13,160,8,180,14,235
2020-09-13 01:00:00,15,175,15,200,11,190,13,175,13,160,22,250
2020-09-13 04:00:00,11,180,16,185,6,175,12,190,10,160,21,245
2020-09-13 07:00:00,12,175,12,175,6,160,9,170,9,185,18,235
2020-09-13 10:00:00,15,170,13,170,6,115,8,160,9,170,15,225
2020-09-13 13:00:00,12,180,12,170,7,120,4,190,7,190,6,220
2020-09-13 16:00:00,8,185,10,160,6,155,2,255,8,210,7,235
2020-09-13 19:00:00,5,235,10,180,6,185,4,255,11,200,6,220
2020-09-13 22:00:00,4,210,7,190,6,170,3,255,5,175,6,180
2020-09-14 01:00:00,4,170,13,190,2,140,2,5,4,185,7,190
2020-09-14 04:00:00,1,185,12,190,5,80,4,20,1,190,14,225
2020-09-14 07:00:00,4,90,9,205,5,85,7,60,6,70,10,215
2020-09-14 10:00:00,8,90,10,190,6,110,6,85,9,65,9,220
2020-09-14 13:00:00,6,135,9,170,8,135,5,150,4,85,12,230
2020-09-14 16:00:00,5,175,10,190,5,150,6,175,5,215,12,235
2020-09-14 19:00:00,8,140,11,220,7,140,12,160,7,140,6,235
2020-09-14 22:00:00,11,175,10,200,15,175,11,180,7,150,10,235
2020-09-15 01:00:00,6,210,14,215,9,180,9,175,9,190,19,240
2020-09-15 04:00:00,3,205,12,245,7,185,10,185,10,230,21,250
2020-09-15 07:00:00,5,190,14,220,11,145,1,225,5,220,18,255
2020-09-15 10:00:00,4,230,10,245,7,170,4,230,2,230,15,240
2020-09-15 13:00:00,1,300,7,210,5,225,1,280,2,250,21,225
2020-09-15 16:00:00,4,270,10,175,5,250,6,240,9,250,26,245
2020-09-15 19:00:00,4,240,8,195,13,170,6,190,8,225,34,255
2020-09-15 22:00:00,7,235,14,220,13,170,13,210,8,215,35,250
2020-09-16 01:00:00,8,230,15,220,11,170,17,230,11,215,41,245
2020-09-16 04:00:00,10,250,17,250,10,195,19,250,11,230,38,255
2020-09-16 07:00:00,12,245,15,245,6,225,16,260,8,260,29,270
2020-09-16 10:00:00,17,270,11,265,6,245,18,260,10,250,32,260
2020-09-16 13:00:00,13,295,8,255,4,240,13,295,6,280,33,260
2020-09-16 16:00:00,18,290,5,210,4,280,15,275,9,275,38,260
2020-09-16 19:00:00,7,295,10,250,6,180,10,300,3,240,43,275
2020-09-16 22:00:00,8,250,12,235,10,205,9,295,7,240,45,275
2020-09-17 01:00:00,9,265,8,200,12,205,11,235,4,225,49,275
2020-09-17 04:00:00,11,315,9,255,9,240,17,260,8,270,50,280
2020-09-17 07:00:00,19,290,8,300,14,290,13,295,15,270,44,270
2020-09-17 10:00:00,23,285,9,300,14,305,25,300,14,280,50,265
2020-09-17 13:00:00,18,305,2,265,6,265,22,310,12,315,49,270
2020-09-17 16:00:00,22,300,5,250,7,280,28,300,13,295,50,270
2020-09-17 19:00:00,17,290,1,280,9,265,23,310,14,270,44,280
2020-09-17 22:00:00,18,295,2,225,5,270,21,295,14,275,53,280
2020-09-18 01:00:00,20,300,7,305,14,325,22,295,12,280,56,280
2020-09-18 04:00:00,23,295,8,310,20,5,25,310,14,280,68,275
2020-09-18 07:00:00,21,305,17,355,38,5,32,290,19,315,57,265
2020-09-18 10:00:00,21,310,24,25,51,10,36,305,16,340,67,250
2020-09-18 13:00:00,18,320,24,65,66,0,30,300,17,315,72,270
2020-09-18 16:00:00,19,310,20,50,54,5,30,290,24,300,69,270
2020-09-18 19:00:00,33,275,30,45,88,35,48,280,34,280,62,275
2020-09-18 22:00:00,52,265,42,30,60,40,51,265,38,280,66,260
2020-09-19 01:00:00,44,265,51,50,66,115,63,265,55,275,71,255
2020-09-19 04:00:00,45,260,62,55,80,165,68,250,60,270,74,250
2020-09-19 07:00:00,50,255,42,60,62,185,72,245,47,250,71,230
2020-09-19 10:00:00,61,235,36,70,52,185,71,240,49,230,77,235
2020-09-19 13:00:00,49,230,47,75,43,200,69,230,51,220,73,255
2020-09-19 16:00:00,59,235,39,85,36,190,65,240,42,220,69,235
2020-09-19 19:00:00,66,245,52,110,45,190,70,245,53,230,61,255
2020-09-19 22:00:00,61,230,51,115,39,195,58,230,60,230,68,255
2020-09-20 01:00:00,59,225,45,130,38,210,52,230,53,220,70,245
2020-09-20 04:00:00,52,235,33,120,37,215,54,235,56,215,66,240
2020-09-20 07:00:00,45,240,33,145,38,200,43,235,44,225,61,255
2020-09-20 10:00:00,48,235,38,135,39,195,40,250,49,225,53,245
2020-09-20 13:00:00,46,245,41,160,32,215,44,255,42,240,38,250
2020-09-20 16:00:00,33,260,35,185,24,240,42,260,42,250,25,245
2020-09-20 19:00:00,37,260,31,215,15,230,39,270,31,255,25,250
2020-09-20 22:00:00,36,255,31,225,17,215,31,260,34,250,27,265
2020-09-21 01:00:00,28,270,20,225,22,220,24,265,19,255,21,250
2020-09-21 04:00:00,21,275,14,225,20,245,20,275,19,255,21,255
2020-09-21 07:00:00,24,275,15,205,20,280,25,280,15,280,16,250
2020-09-21 10:00:00,14,270,20,180,20,295,21,300,8,255,16,260
2020-09-21 13:00:00,10,325,21,190,13,310,17,315,10,295,12,260
2020-09-21 16:00:00,4,330,19,190,14,345,11,340,4,280,14,270
2020-09-21 19:00:00,6,275,21,210,3,35,9,20,3,30,9,285
2020-09-21 22:00:00,9,300,17,245,4,205,3,20,6,250,3,295
2020-09-22 01:00:00,9,310,23,245,12,250,4,290,7,265,6,280
2020-09-22 04:00:00,9,325,16,265,7,280,3,285,8,275,7,280
2020-09-22 07:00:00,11,335,15,250,5,290,12,355,10,320,16,305
2020-09-22 10:00:00,12,325,7,270,14,310,15,355,11,355,16,315
2020-09-22 13:00:00,18,350,12,245,14,315,16,355,7,290,10,325
2020-09-22 16:00:00,5,20,8,235,9,310,14,0,7,80,9,320
2020-09-22 19:00:00,10,350,9,245,1,175,15,5,5,40,9,335
2020-09-22 22:00:00,11,355,10,240,4,340,13,35,6,330,4,40
2020-09-23 01:00:00,8,350,12,240,7,360,10,30,8,310,7,10
2020-09-23 04:00:00,5,25,9,230,6,25,7,40,5,295,8,5
2020-09-23 07:00:00,7,60,8,220,4,155,8,55,3,300,6,40
2020-09-23 10:00:00,7,95,10,215,5,190,9,85,2,185,3,25
2020-09-23 13:00:00,3,110,8,260,3,165,3,105,2,5,3,155
2020-09-23 16:00:00,4,100,4,295,2,285,5,115,3,90,5,220
2020-09-23 19:00:00,3,190,6,165,8,35,3,145,8,145,5,200
2020-09-23 22:00:00,7,190,13,215,7,125,5,200,11,160,10,195
2020-09-24 01:00:00,16,225,15,260,6,185,16,270,16,185,13,210
2020-09-24 04:00:00,19,250,8,255,8,170,13,275,14,220,11,215
2020-09-24 07:00:00,18,255,14,220,7,130,9,225,12,205,19,210
2020-09-24 10:00:00,17,265,8,230,6,135,14,230,14,235,24,220
2020-09-24 13:00:00,16,265,2,310,7,170,20,240,24,275,12,225
2020-09-24 16:00:00,16,255,2,210,1,35,21,245,26,265,22,225
2020-09-24 19:00:00,20,220,8,210,9,170,26,220,29,235,30,245
2020-09-24 22:00:00,23,245,11,200,7,180,28,235,30,235,32,260
2020-09-25 01:00:00,25,235,10,225,12,190,34,250,27,235,28,255
2020-09-25 04:00:00,23,265,10,215,15,210,33,260,28,250,33,265
2020-09-25 07:00:00,24,255,12,200,14,215,29,245,25,245,36,245
2020-09-25 10:00:00,24,250,13,205,16,215,27,255,24,240,28,240
2020-09-25 13:00:00,22,275,10,210,7,210,21,255,24,245,34,250
2020-09-25 16:00:00,21,265,13,215,13,215,21,275,25,250,31,255
2020-09-25 19:00:00,32,275,17,240,10,200,25,295,34,270,31,265
2020-09-25 22:00:00,24,275,18,270,11,240,21,280,31,260,33,265
2020-09-26 01:00:00,31,280,16,270,15,250,27,280,36,265,28,275
2020-09-26 04:00:00,39,285,17,270,15,265,33,290,38,275,31,275
2020-09-26 07:00:00,30,285,18,285,16,300,26,275,26,285,44,260
2020-09-26 10:00:00,31,285,15,285,12,320,27,290,21,280,44,265
2020-09-26 13:00:00,31,295,7,215,5,310,31,290,17,300,33,275
2020-09-26 16:00:00,33,300,8,200,7,270,35,300,16,290,23,275
2020-09-26 19:00:00,30,305,10,285,5,280,33,315,23,300,31,275
2020-09-26 22:00:00,23,300,12,275,2,305,30,315,29,280,23,280
2020-09-27 01:00:00,21,290,15,270,2,290,23,300,19,270,37,280
2020-09-27 04:00:00,30,305,15,290,5,325,26,305,22,300,43,280
2020-09-27 07:00:00,27,315,12,295,8,350,33,305,15,340,43,290
2020-09-27 10:00:00,25,330,10,330,10,25,34,315,16,360,38,285
2020-09-27 13:00:00,27,335,6,320,12,50,36,320,22,0,43,275
2020-09-27 16:00:00,19,330,4,200,14,70,26,320,17,15,40,275
2020-09-27 19:00:00,21,330,4,225,16,90,18,340,8,35,40,275
2020-09-27 22:00:00,9,350,6,235,22,100,12,355,8,45,32,290
2020-09-28 01:00:00,15,325,6,230,28,115,8,335,10,355,30,290
2020-09-28 04:00:00,20,360,1,280,15,100,12,5,18,35,36,275
2020-09-28 07:00:00,23,35,8,115,26,95,19,40,25,60,41,290
2020-09-28 10:00:00,25,50,10,110,23,115,21,40,28,85,45,275
2020-09-28 13:00:00,18,75,6,120,30,115,11,55,26,85,50,270
2020-09-28 16:00:00,13,70,9,110,28,105,6,125,23,85,47,255
2020-09-28 19:00:00,17,110,13,110,27,100,18,185,26,100,46,250
2020-09-28 22:00:00,15,140,19,125,36,130,24,210,23,110,51,250
2020-09-29 01:00:00,21,230,25,130,33,120,31,235,13,165,56,245
2020-09-29 04:00:00,25,245,19,140,33,115,26,260,7,215,58,250
2020-09-29 07:00:00,30,235,15,120,39,110,37,245,17,105,52,250
2020-09-29 10:00:00,34,230,12,100,29,125,49,250,17,170,52,245
2020-09-29 13:00:00,37,250,12,135,19,155,48,245,34,230,38,245
2020-09-29 16:00:00,40,250,10,140,18,165,45,250,41,235,34,255
2020-09-29 19:00:00,38,245,10,130,17,190,41,250,42,230,36,255
2020-09-29 22:00:00,33,250,12,145,25,215,45,255,38,235,36,250
2020-09-30 01:00:00,31,265,14,170,27,240,35,270,30,255,34,250
2020-09-30 04:00:00,32,275,8,190,20,265,37,280,30,270,35,255
2020-09-30 07:00:00,39,265,11,165,17,290,44,270,35,270,30,250
2020-09-30 10:00:00,39,265,10,180,13,295,41,270,33,270,32,245
2020-09-30 13:00:00,31,275,9,155,12,300,37,275,29,265,28,255
2020-09-30 16:00:00,35,270,10,165,4,260,37,280,37,265,30,270
2020-09-30 19:00:00,41,275,11,150,7,240,39,280,27,260,24,275
2020-09-30 22:00:00,36,285,13,200,8,270,37,285,28,270,26,280
2020-10-01 01:00:00,35,285,15,245,11,320,41,290,19,275,31,285
2020-10-01 04:00:00,35,300,9,280,12,325,41,295,19,285,33,285
2020-10-01 07:00:00,26,305,4,335,11,0,34,295,12,310,38,285
2020-10-01 10:00:00,20,305,2,30,6,20,29,305,10,315,39,290
2020-10-01 13:00:00,18,310,5,160,5,80,23,305,8,325,36,285
2020-10-01 16:00:00,15,300,7,170,7,90,22,290,6,335,37,285
2020-10-01 19:00:00,15,300,12,165,6,130,20,305,4,280,35,285
2020-10-01 22:00:00,15,290,15,195,7,150,15,305,8,270,42,290
2020-10-02 01:00:00,17,295,14,195,11,145,11,300,9,300,44,290
2020-10-02 04:00:00,13,315,6,195,14,130,11,320,8,345,46,285
2020-10-02 07:00:00,14,290,7,140,13,110,13,295,8,335,41,280
2020-10-02 10:00:00,9,295,8,125,16,135,9,315,6,35,34,275
2020-10-02 13:00:00,9,355,8,160,12,130,8,305,6,50,30,275
2020-10-02 16:00:00,5,50,7,150,16,130,6,290,4,120,29,275
2020-10-02 19:00:00,1,75,8,145,17,125,6,260,8,110,25,275
2020-10-02 22:00:00,3,210,14,140,21,110,7,220,7,130,28,270
2020-10-03 01:00:00,5,215,14,150,18,135,10,195,9,170,24,270
2020-10-03 04:00:00,9,230,9,155,21,150,6,170,11,205,24,265
2020-10-03 07:00:00,8,220,8,135,12,155,6,200,3,150,18,250
2020-10-03 10:00:00,8,190,14,120,12,125,10,210,6,130,17,240
2020-10-03 13:00:00,12,210,12,160,17,145,19,220,11,170,21,240
2020-10-03 16:00:00,14,220,9,135,14,160,23,230,11,175,31,255
2020-10-03 19:00:00,15,190,18,140,14,140,17,235,17,170,27,265
2020-10-03 22:00:00,16,225,25,155,10,130,21,225,15,190,26,245
2020-10-04 01:00:00,13,215,25,160,15,140,20,225,17,190,23,235
2020-10-04 04:00:00,14,230,20,180,13,135,22,240,15,200,27,230
2020-10-04 07:00:00,17,255,19,150,15,135,20,260,14,200,24,255
2020-10-04 10:00:00,12,255,18,160,16,155,15,255,13,210,23,265
2020-10-04 13:00:00,7,275,13,165,10,180,12,285,6,260,19,250
2020-10-04 16:00:00,1,315,11,150,8,175,10,290,6,220,20,245
2020-10-04 19:00:00,6,225,12,155,10,170,8,255,9,230,16,240
2020-10-04 22:00:00,10,250,12,165,10,175,9,235,9,245,12,225
2020-10-05 01:00:00,6,270,17,170,9,165,11,240,8,235,15,240
2020-10-05 04:00:00,7,265,14,195,5,160,15,250,11,270,19,255
2020-10-05 07:00:00,14,285,10,205,7,90,14,265,13,285,19,260
2020-10-05 10:00:00,12,300,3,155,10,95,11,275,10,300,17,270
2020-10-05 13:00:00,13,320,7,155,9,95,12,320,7,310,10,260
2020-10-05 16:00:00,8,350,7,165,3,115,13,345,8,315,9,270
2020-10-05 19:00:00,6,310,7,195,4,110,9,340,3,5,13,220
2020-10-05 22:00:00,10,310,8,145,12,65,8,350,6,345,11,205
2020-10-06 01:00:00,13,340,13,150,20,65,5,360,6,345,10,235
2020-10-06 04:00:00,11,350,10,135,20,80,8,345,10,30,17,245
2020-10-06 07:00:00,11,50,16,145,33,90,9,340,22,85,16,255
2020-10-06 10:00:00,15,75,17,150,39,90,10,25,20,80,17,260
2020-10-06 13:00:00,16,50,12,140,25,70,10,25,23,65,17,270
2020-10-06 16:00:00,17,50,7,145,26,65,13,20,28,65,18,290
2020-10-06 19:00:00,16,40,16,120,35,75,13,20,34,70,14,270
2020-10-06 22:00:00,18,45,16,140,42,70,16,20,43,65,17,280
2020-10-07 01:00:00,26,50,18,140,44,75,19,25,49,70,23,295
2020-10-07 04:00:00,32,60,15,130,45,60,21,30,50,65,27,300
2020-10-07 07:00:00,36,60,13,110,54,55,20,30,46,65,27,295
2020-10-07 10:00:00,40,60,11,90,63,65,30,35,58,65,25,295
2020-10-07 13:00:00,26,45,10,90,57,55,37,45,37,55,28,305
2020-10-07 16:00:00,31,45,6,80,64,55,41,40,49,50,30,310
2020-10-07 19:00:00,54,50,14,55,77,60,37,30,64,55,30,315
2020-10-07 22:00:00,57,65,20,50,60,65,36,55,79,55,23,320
2020-10-08 01:00:00,48,55,22,55,86,65,41,45,56,50,20,310
2020-10-08 04:00:00,52,45,29,40,86,65,40,45,60,55,21,305
2020-10-08 07:00:00,44,60,28,40,92,70,38,55,69,70,23,295
2020-10-08 10:00:00,43,70,26,45,92,70,25,65,72,70,29,285
2020-10-08 13:00:00,44,65,26,55,87,80,11,75,59,70,31,290
2020-10-08 16:00:00,50,60,11,100,87,75,7,105,64,70,37,280
2020-10-08 19:00:00,51,75,21,70,90,75,9,105,76,80,31,290
2020-10-08 22:00:00,43,100,32,55,84,85,14,120,62,95,31,290
2020-10-09 01:00:00,39,105,30,65,70,90,19,135,56,95,27,275
2020-10-09 04:00:00,33,115,25,70,79,80,18,120,49,105,30,265
2020-10-09 07:00:00,34,95,30,55,76,80,17,100,45,95,37,255
2020-10-09 10:00:00,36,90,26,65,70,85,15,105,44,90,37,250
2020-10-09 13:00:00,37,85,24,70,81,80,10,140,43,90,34,255
2020-10-09 16:00:00,34,80,20,75,65,75,8,105,48,80,33,265
2020-10-09 19:00:00,43,80,25,65,59,70,7,80,55,85,40,265
2020-10-09 22:00:00,44,80,22,75,70,80,6,140,65,80,42,260
2020-10-10 01:00:00,44,80,19,70,70,80,10,170,51,90,48,250
2020-10-10 04:00:00,48,90,19,60,75,70,9,150,53,85,50,245
2020-10-10 07:00:00,35,80,20,55,78,75,9,50,57,75,44,250
2020-10-10 10:00:00,45,85,21,55,80,85,12,100,59,85,44,250
2020-10-10 13:00:00,41,90,18,55,64,85,11,100,55,90,50,245
2020-10-10 16:00:00,32,90,18,60,48,85,9,95,57,85,50,250
2020-10-10 19:00:00,24,90,20,85,46,75,8,40,52,90,45,260
2020-10-10 22:00:00,37,90,18,90,45,75,9,90,57,95,41,265
2020-10-11 01:00:00,54,90,13,80,41,85,12,105,56,95,33,270
2020-10-11 04:00:00,41,100,10,80,34,80,10,110,44,95,34,275
2020-10-11 07:00:00,30,95,13,80,32,75,3,105,37,95,37,265
2020-10-11 10:00:00,31,90,16,55,32,75,5,90,38,95,47,265
2020-10-11 13:00:00,21,90,10,55,30,70,6,130,38,95,47,265
2020-10-11 16:00:00,16,85,9,55,28,60,5,150,33,100,49,265
2020-10-11 19:00:00,15,95,13,85,30,60,6,85,37,95,49,270
2020-10-11 22:00:00,43,90,13,105,18,65,9,90,38,95,54,270
2020-10-12 01:00:00,29,90,13,145,33,55,10,70,28,85,61,265
2020-10-12 04:00:00,33,80,8,115,34,40,5,45,25,80,58,265
2020-10-12 07:00:00,31,85,7,45,44,50,10,40,25,60,54,260
2020-10-12 10:00:00,27,65,14,45,36,50,14,75,31,55,56,265
2020-10-12 13:00:00,22,55,13,45,44,55,14,60,29,45,48,270
2020-10-12 16:00:00,20,35,19,55,51,55,18,45,33,50,54,270
2020-10-12 19:00:00,17,60,18,75,56,55,17,50,29,60,52,270
2020-10-12 22:00:00,14,95,10,100,52,60,15,35,26,85,47,270
2020-10-13 01:00:00,6,35,10,125,52,65,24,350,17,75,48,265
2020-10-13 04:00:00,6,340,6,105,60,60,24,325,30,65,46,265
2020-10-13 07:00:00,18,25,17,45,63,55,27,350,42,65,52,270
2020-10-13 10:00:00,19,50,19,55,61,55,24,350,57,60,51,275
2020-10-13 13:00:00,40,50,14,30,52,60,23,350,56,55,48,275
2020-10-13 16:00:00,36,60,17,10,53,55,22,0,52,65,48,270
2020-10-13 19:00:00,28,65,11,25,49,60,16,350,44,65,48,270
2020-10-13 22:00:00,30,55,12,55,39,55,21,360,46,65,51,265
2020-10-14 01:00:00,33,65,10,40,45,50,19,5,39,65,53,270
2020-10-14 04:00:00,30,70,11,15,40,40,15,340,32,60,53,270
2020-10-14 07:00:00,19,45,19,35,24,355,23,20,22,40,47,270
2020-10-14 10:00:00,12,20,22,40,24,340,26,15,18,25,44,270
2020-10-14 13:00:00,16,355,12,35,26,335,25,15,19,350,48,275
2020-10-14 16:00:00,12,340,14,360,22,340,20,340,21,325,47,275
2020-10-14 19:00:00,10,345,12,25,15,15,16,315,22,325,44,285
2020-10-14 22:00:00,14,330,9,355,5,45,15,315,19,325,41,275
2020-10-15 01:00:00,9,300,10,305,5,45,11,300,13,310,45,270
2020-10-15 04:00:00,11,300,10,335,9,55,10,285,11,300,44,270
2020-10-15 07:00:00,14,270,15,20,7,115,9,290,14,300,39,270
2020-10-15 10:00:00,12,285,27,45,9,95,7,280,10,305,42,265
2020-10-15 13:00:00,8,295,21,45,12,60,6,265,5,350,42,270
2020-10-15 16:00:00,5,245,20,45,17,60,5,240,3,315,47,265
2020-10-15 19:00:00,8,280,20,35,22,70,7,265,1,65,42,265
2020-10-15 22:00:00,7,255,19,60,34,85,7,275,6,65,48,260
2020-10-16 01:00:00,11,250,14,70,38,85,6,235,7,65,45,255
2020-10-16 04:00:00,15,285,11,60,35,85,11,245,10,60,48,255
2020-10-16 07:00:00,11,35,13,60,33,80,5,65,17,45,46,260
2020-10-16 10:00:00,16,20,13,70,41,85,4,70,22,70,49,255
2020-10-16 13:00:00,22,45,13,75,53,75,3,275,26,60,46,260
2020-10-16 16:00:00,17,40,17,70,53,70,9,290,33,50,49,265
2020-10-16 19:00:00,15,50,30,55,61,70,7,290,42,65,48,260
2020-10-16 22:00:00,24,70,28,80,91,55,13,275,51,80,45,255
2020-10-17 01:00:00,28,70,20,70,81,55,12,300,52,65,43,260
2020-10-17 04:00:00,27,65,27,55,95,65,16,330,43,80,43,255
2020-10-17 07:00:00,31,75,29,55,92,65,7,55,59,70,45,255
2020-10-17 10:00:00,13,75,42,60,101,70,4,150,74,70,51,255
2020-10-17 13:00:00,43,55,31,45,82,65,8,5,66,60,57,255
2020-10-17 16:00:00,27,65,26,35,71,55,10,320,65,80,56,250
2020-10-17 19:00:00,25,90,39,60,74,70,12,300,59,80,56,250
2020-10-17 22:00:00,26,100,36,45,87,70,10,290,48,80,60,250
2020-10-18 01:00:00,17,100,32,50,97,70,18,275,38,85,58,250
2020-10-18 04:00:00,5,155,30,35,90,65,27,265,32,85,56,250
2020-10-18 07:00:00,20,255,29,35,80,55,48,265,20,80,56,250
2020-10-18 10:00:00,21,280,26,35,86,65,46,270,18,75,59,250
2020-10-18 13:00:00,14,270,22,30,89,65,36,265,30,75,61,255
2020-10-18 16:00:00,16,260,17,55,79,60,34,265,16,90,52,255
2020-10-18 19:00:00,17,285,29,55,74,70,31,270,14,80,51,255
2020-10-18 22:00:00,9,250,30,65,72,70,36,265,11,105,48,255
2020-10-19 01:00:00,14,245,22,55,57,75,34,265,5,145,50,250
2020-10-19 04:00:00,13,235,24,40,39,90,35,265,4,90,50,250
2020-10-19 07:00:00,23,245,27,70,26,115,37,250,5,200,51,245
2020-10-19 10:00:00,30,250,19,75,27,105,38,255,7,235,46,250
2020-10-19 13:00:00,21,275,20,60,38,110,32,260,5,285,38,250
2020-10-19 16:00:00,22,285,21,70,59,85,31,270,6,320,30,250
2020-10-19 19:00:00,11,350,18,90,57,85,24,290,10,5,27,245
2020-10-19 22:00:00,9,355,13,100,62,100,18,305,7,340,29,255
2020-10-20 01:00:00,8,10,16,100,62,90,12,290,5,345,28,250
2020-10-20 04:00:00,6,345,14,100,63,85,12,295,6,15,28,250
2020-10-20 07:00:00,3,310,33,115,65,80,8,295,5,75,28,250
2020-10-20 10:00:00,2,30,29,115,64,80,7,320,10,90,24,250
2020-10-20 13:00:00,1,295,28,130,55,80,8,295,9,70,22,250
2020-10-20 16:00:00,8,355,20,120,44,85,10,335,8,50,28,260
2020-10-20 19:00:00,11,10,22,120,53,85,13,355,18,35,22,270
2020-10-20 22:00:00,11,15,22,115,53,80,14,0,25,60,24,260
2020-10-21 01:00:00,11,360,19,105,55,75,16,335,21,75,27,260
2020-10-21 04:00:00,14,30,19,100,57,75,18,340,34,85,29,265
2020-10-21 07:00:00,11,45,19,105,60,80,16,335,40,85,27,270
2020-10-21 10:00:00,19,60,17,100,61,80,16,340,47,90,24,275
2020-10-21 13:00:00,14,30,18,120,45,75,19,340,33,80,18,270
2020-10-21 16:00:00,13,30,14,120,30,75,16,355,34,80,25,275
2020-10-21 19:00:00,14,60,17,125,25,85,15,25,30,80,20,295
2020-10-21 22:00:00,15,70,10,100,21,55,13,45,29,100,22,290
2020-10-22 01:00:00,13,70,12,95,28,40,7,30,26,100,30,290
2020-10-22 04:00:00,15,85,11,100,32,50,11,20,24,100,30,300
2020-10-22 07:00:00,15,70,14,105,32,45,10,30,25,95,28,300
2020-10-22 10:00:00,22,70,16,115,33,40,8,80,23,90,23,310
2020-10-22 13:00:00,14,80,13,120,26,30,4,120,21,90,17,300
2020-10-22 16:00:00,9,60,11,115,22,40,8,100,18,95,10,265
2020-10-22 19:00:00,17,105,12,100,31,40,8,125,18,100,14,250
2020-10-22 22:00:00,17,100,11,95,29,60,6,145,16,85,12,250
2020-10-23 01:00:00,20,95,11,100,34,50,4,105,17,85,16,270
2020-10-23 04:00:00,17,75,10,100,56,40,9,40,22,65,19,285
2020-10-23 07:00:00,17,55,13,85,44,45,17,20,28,70,14,270
2020-10-23 10:00:00,17,70,13,105,40,45,14,30,27,75,14,270
2020-10-23 13:00:00,13,45,10,110,32,35,18,30,25,80,12,280
2020-10-23 16:00:00,10,10,9,115,28,25,16,35,23,70,15,285
2020-10-23 19:00:00,8,20,8,110,30,30,20,35,22,65,12,300
2020-10-23 22:00:00,10,35,9,125,23,55,15,40,20,60,6,360
2020-10-24 01:00:00,17,35,11,125,20,50,22,25,22,55,6,360
2020-10-24 04:00:00,22,45,13,140,21,45,25,15,21,40,9,5
2020-10-24 07:00:00,28,45,12,120,23,30,27,30,23,35,12,35
2020-10-24 10:00:00,22,55,10,110,28,40,20,40,20,50,6,65
2020-10-24 13:00:00,13,60,7,125,23,30,13,65,19,70,3,220
2020-10-24 16:00:00,9,30,5,130,21,25,11,70,17,65,5,255
2020-10-24 19:00:00,9,5,4,45,23,40,9,55,18,50,10,250
2020-10-24 22:00:00,8,20,6,115,21,65,7,35,13,45,7,265
2020-10-25 01:00:00,15,20,4,225,14,40,13,15,14,35,7,335
2020-10-25 04:00:00,19,30,5,280,22,35,17,10,18,20,12,15
2020-10-25 07:00:00,20,30,3,20,24,40,18,10,20,10,8,30
2020-10-25 10:00:00,21,30,7,15,20,40,18,20,19,25,0,350
2020-10-25 13:00:00,19,10,6,40,9,15,21,0,17,30,10,255
2020-10-25 16:00:00,19,15,5,80,11,340,25,10,17,30,10,275
2020-10-25 19:00:00,12,5,7,75,15,355,19,10,14,15,19,260
2020-10-25 22:00:00,13,355,5,75,17,45,12,10,11,20,25,270
2020-10-26 01:00:00,9,330,5,35,18,25,10,335,4,20,18,295
2020-10-26 04:00:00,14,335,6,55,31,20,17,340,8,5,11,285
2020-10-26 07:00:00,15,5,10,35,38,30,17,350,14,10,15,270
2020-10-26 10:00:00,14,5,10,35,36,35,15,345,14,15,16,280
2020-10-26 13:00:00,15,10,11,35,31,55,13,355,16,30,14,260
2020-10-26 16:00:00,12,25,7,55,29,65,12,15,16,40,20,260
2020-10-26 19:00:00,9,350,9,95,28,70,12,15,18,30,22,270
2020-10-26 22:00:00,5,340,9,95,40,85,8,45,11,40,25,275
2020-10-27 01:00:00,9,340,18,160,37,95,3,310,11,40,27,280
2020-10-27 04:00:00,13,340,9,150,32,90,4,260,14,55,31,270
2020-10-27 07:00:00,11,340,13,115,49,90,5,260,17,70,35,265
2020-10-27 10:00:00,9,340,16,105,56,85,7,285,16,65,35,275
2020-10-27 13:00:00,14,320,20,120,39,85,14,305,14,55,32,265
2020-10-27 16:00:00,11,330,12,130,39,90,15,320,14,70,34,270
2020-10-27 19:00:00,12,15,12,120,34,75,17,330,24,75,31,270
2020-10-27 22:00:00,9,35,15,110,31,60,17,330,22,85,33,275
2020-10-28 01:00:00,8,50,14,120,35,45,14,325,28,80,36,275
2020-10-28 04:00:00,15,50,11,110,38,35,17,355,29,70,36,275
2020-10-28 07:00:00,10,50,10,60,57,50,19,10,26,60,37,270
2020-10-28 10:00:00,18,50,16,40,62,45,26,30,37,50,41,265
2020-10-28 13:00:00,20,45,14,40,49,25,24,25,30,55,43,270
2020-10-28 16:00:00,16,40,13,30,48,20,21,20,25,55,41,270
2020-10-28 19:00:00,16,40,19,45,53,350,22,5,25,55,39,275
2020-10-28 22:00:00,11,35,24,50,49,340,16,355,19,40,41,275
2020-10-29 01:00:00,12,315,24,50,55,5,15,325,15,310,44,265
2020-10-29 04:00:00,24,315,34,35,89,30,19,295,33,320,47,260
2020-10-29 07:00:00,24,335,46,45,87,40,15,275,33,350,41,255
2020-10-29 10:00:00,28,325,42,45,61,55,20,270,33,330,44,250
2020-10-29 13:00:00,31,325,47,40,39,75,19,300,32,15,47,265
2020-10-29 16:00:00,24,320,42,40,35,85,17,290,22,5,46,260
2020-10-29 19:00:00,12,315,53,45,37,105,12,265,11,350,46,255
2020-10-29 22:00:00,9,245,53,55,42,140,10,240,9,195,47,255
2020-10-30 01:00:00,10,210,51,65,32,150,9,205,17,210,42,250
2020-10-30 04:00:00,14,160,47,80,40,160,13,155,13,195,40,245
2020-10-30 07:00:00,27,140,44,95,40,140,20,195,16,135,31,245
2020-10-30 10:00:00,22,145,50,110,47,125,22,195,22,135,31,235
2020-10-30 13:00:00,19,165,45,115,40,105,19,185,27,125,23,235
2020-10-30 16:00:00,17,155,28,120,30,100,15,175,24,125,26,230
2020-10-30 19:00:00,22,120,27,110,40,85,10,135,22,120,16,240
2020-10-30 22:00:00,22,115,33,120,48,90,11,130,20,110,13,250
2020-10-31 01:00:00,26,110,36,120,46,90,11,110,23,105,10,225
2020-10-31 04:00:00,28,105,33,120,44,100,14,105,28,105,9,225
2020-10-31 07:00:00,38,115,39,125,43,105,26,100,34,120,9,210
2020-10-31 10:00:00,32,120,38,130,39,110,25,115,40,125,11,215
2020-10-31 13:00:00,26,120,27,120,39,90,22,110,32,120,9,245
2020-10-31 16:00:00,22,115,20,125,45,90,21,95,20,125,5,250
2020-10-31 19:00:00,26,120,19,120,42,90,24,100,14,125,4,240
2020-10-31 22:00:00,23,110,18,130,47,80,26,90,14,95,3,230
2020-11-01 01:00:00,21,90,18,125,44,80,29,90,16,65,1,305
2020-11-01 04:00:00,21,70,15,125,46,80,29,85,18,65,4,350
2020-11-01 07:00:00,19,75,19,130,49,90,30,95,13,75,5,30
2020-11-01 10:00:00,17,90,21,135,44,95,29,95,13,85,9,50
2020-11-01 13:00:00,13,75,13,150,22,80,23,90,16,90,10,40
2020-11-01 16:00:00,11,70,8,150,18,70,18,80,14,100,9,5
2020-11-01 19:00:00,19,90,6,150,18,60,25,85,18,95,8,10
2020-11-01 22:00:00,21,90,3,135,24,55,28,75,21,90,6,45
2020-11-02 01:00:00,28,65,7,140,20,45,29,65,32,90,6,15
2020-11-02 04:00:00,32,70,7,140,23,50,25,70,28,70,14,35
2020-11-02 07:00:00,31,60,10,125,31,45,32,55,35,50,21,75
2020-11-02 10:00:00,34,50,12,120,28,60,32,50,41,60,27,80
2020-11-02 13:00:00,24,55,8,135,22,60,31,65,36,70,28,70
2020-11-02 16:00:00,18,60,9,155,20,60,23,75,35,75,22,65
2020-11-02 19:00:00,25,75,3,115,24,75,20,85,37,75,16,70
2020-11-02 22:00:00,25,70,5,130,23,65,17,70,36,75,12,70
2020-11-03 01:00:00,23,75,12,145,25,55,13,80,35,75,15,65
2020-11-03 04:00:00,17,60,21,150,28,75,12,85,44,75,19,75
2020-11-03 07:00:00,24,55,29,155,40,80,18,45,45,75,28,80
2020-11-03 10:00:00,24,65,20,165,42,80,15,50,43,75,28,90
2020-11-03 13:00:00,23,60,12,160,35,75,18,60,41,80,21,90
2020-11-03 16:00:00,17,70,11,170,23,65,18,75,33,85,18,100
2020-11-03 19:00:00,19,80,10,155,20,75,19,70,35,85,16,85
2020-11-03 22:00:00,24,75,15,155,17,55,23,65,32,90,12,75
2020-11-04 01:00:00,25,65,19,165,21,60,17,55,23,80,14,75
2020-11-04 04:00:00,21,65,20,170,23,70,10,60,26,75,15,80
2020-11-04 07:00:00,21,70,21,175,27,75,11,75,34,80,18,85
2020-11-04 10:00:00,26,75,19,190,28,70,9,90,31,80,18,90
2020-11-04 13:00:00,11,70,15,190,20,75,7,105,21,90,9,80
2020-11-04 16:00:00,9,45,14,200,21,75,6,90,20,90,12,100
2020-11-04 19:00:00,11,60,15,195,25,85,9,65,20,90,13,75
2020-11-04 22:00:00,15,80,26,180,21,85,9,50,15,90,16,70
2020-11-05 01:00:00,14,50,22,190,19,80,14,40,12,70,17,65
2020-11-05 04:00:00,14,35,21,190,18,70,13,25,15,55,19,50
2020-11-05 07:00:00,15,25,17,200,17,60,23,20,17,50,22,65
2020-11-05 10:00:00,19,25,6,220,20,50,23,25,21,50,18,70
2020-11-05 13:00:00,25,45,3,195,16,35,26,40,27,60,15,60
2020-11-05 16:00:00,16,35,2,255,17,35,19,50,27,60,18,50
2020-11-05 19:00:00,20,50,1,95,33,80,26,50,32,55,16,60
2020-11-05 22:00:00,22,60,3,65,29,85,20,70,34,55,18,60
2020-11-06 01:00:00,22,70,9,120,26,75,18,90,28,80,18,60
2020-11-06 04:00:00,24,80,9,120,31,75,14,95,20,90,15,65
2020-11-06 07:00:00,23,70,8,95,39,80,12,55,32,80,12,80
2020-11-06 10:00:00,28,70,7,80,42,75,15,40,50,70,13,70
2020-11-06 13:00:00,24,65,4,55,39,70,28,50,43,80,10,70
2020-11-06 16:00:00,22,60,4,75,41,65,28,50,41,75,11,75
2020-11-06 19:00:00,35,70,12,75,42,60,30,50,44,65,13,70
2020-11-06 22:00:00,37,60,10,85,38,70,45,55,47,65,17,60
2020-11-07 01:00:00,52,70,10,95,50,75,43,60,56,65,22,55
2020-11-07 04:00:00,55,60,11,95,49,75,39,65,59,60,27,60
2020-11-07 07:00:00,49,75,12,95,50,85,28,90,61,80,24,65
2020-11-07 10:00:00,37,90,10,105,52,75,23,105,57,90,19,70
2020-11-07 13:00:00,41,90,3,90,51,80,16,105,53,95,14,85
2020-11-07 16:00:00,33,95,6,65,37,70,9,120,42,90,8,105
2020-11-07 19:00:00,39,100,15,65,41,70,16,85,45,90,8,100
2020-11-07 22:00:00,42,85,18,65,37,55,19,75,48,85,6,110
2020-11-08 01:00:00,46,80,16,75,34,55,25,60,52,75,6,75
2020-11-08 04:00:00,46,75,13,70,38,75,27,60,61,65,9,55
2020-11-08 07:00:00,40,90,17,70,48,75,40,115,54,75,17,50
2020-11-08 10:00:00,36,110,15,55,47,65,38,115,39,90,21,55
2020-11-08 13:00:00,29,85,18,35,28,55,29,100,31,75,19,85
2020-11-08 16:00:00,25,70,22,35,30,60,24,80,38,70,12,105
2020-11-08 19:00:00,27,70,25,60,48,70,25,65,45,65,13,90
2020-11-08 22:00:00,30,70,25,75,36,60,24,65,53,70,15,100
2020-11-09 01:00:00,37,75,21,75,44,70,21,75,55,75,9,115
2020-11-09 04:00:00,42,70,17,80,56,70,22,55,63,70,18,90
2020-11-09 07:00:00,48,75,15,80,62,70,17,70,62,70,20,95
2020-11-09 10:00:00,40,85,16,60,62,75,24,85,60,80,28,105
2020-11-09 13:00:00,30,90,16,50,40,65,34,85,47,85,26,95
2020-11-09 16:00:00,23,65,19,45,39,55,33,60,43,70,21,95
2020-11-09 19:00:00,26,60,25,60,41,55,33,65,41,70,22,95
2020-11-09 22:00:00,30,60,31,65,54,45,28,55,41,75,21,85
2020-11-10 01:00:00,36,65,32,75,45,60,30,45,41,60,22,65
2020-11-10 04:00:00,36,55,29,60,45,55,31,40,55,60,23,40
2020-11-10 07:00:00,30,50,31,60,50,60,24,25,40,60,20,45
2020-11-10 10:00:00,43,65,34,60,49,65,29,45,57,65,22,55
2020-11-10 13:00:00,32,75,23,55,50,70,23,85,55,80,20,70
2020-11-10 16:00:00,29,75,20,65,44,65,32,70,54,75,20,80
2020-11-10 19:00:00,22,65,25,65,50,55,40,60,40,80,22,70
2020-11-10 22:00:00,33,70,26,70,49,55,52,60,51,70,23,65
2020-11-11 01:00:00,28,45,24,60,52,65,53,50,53,60,17,60
2020-11-11 04:00:00,53,55,22,50,65,60,48,45,65,60,17,40
2020-11-11 07:00:00,51,75,21,50,66,70,35,60,70,70,22,40
2020-11-11 10:00:00,50,70,20,45,64,75,38,55,71,65,22,45
2020-11-11 13:00:00,41,80,16,45,59,80,44,65,60,75,24,35
2020-11-11 16:00:00,47,70,17,45,66,75,53,60,67,65,27,30
2020-11-11 19:00:00,60,65,16,40,59,70,55,65,66,65,33,40
2020-11-11 22:00:00,69,70,20,50,58,80,55,75,85,65,33,45
2020-11-12 01:00:00,82,70,18,65,60,75,57,80,89,75,30,35
2020-11-12 04:00:00,71,85,21,60,56,80,51,90,83,80,23,40
2020-11-12 07:00:00,56,100,18,60,65,80,43,110,65,95,20,45
2020-11-12 10:00:00,51,105,15,55,59,85,41,110,58,105,17,55
2020-11-12 13:00:00,46,115,12,85,57,90,36,120,51,115,13,75
2020-11-12 16:00:00,36,105,11,80,53,80,26,115,33,105,12,110
2020-11-12 19:00:00,40,85,12,50,49,75,26,95,45,90,11,135
2020-11-12 22:00:00,45,90,14,85,37,70,39,90,52,80,13,115
2020-11-13 01:00:00,28,55,12,80,29,55,36,85,45,75,18,90
2020-11-13 04:00:00,38,75,16,50,29,55,33,80,55,70,28,90
2020-11-13 07:00:00,34,80,20,50,25,55,28,80,47,65,27,90
2020-11-13 10:00:00,38,70,24,40,30,50,24,80,48,65,31,95
2020-11-13 13:00:00,25,80,16,40,28,60,15,75,54,75,29,90
2020-11-13 16:00:00,22,60,13,45,26,55,19,55,52,60,30,85
2020-11-13 19:00:00,34,70,12,55,47,65,17,45,50,60,27,85
2020-11-13 22:00:00,44,65,15,55,42,45,17,40,50,60,29,90
2020-11-14 01:00:00,47,70,14,85,35,55,16,60,41,55,29,85
2020-11-14 04:00:00,47,60,14,65,29,55,19,50,52,60,32,90
2020-11-14 07:00:00,40,70,16,65,34,55,7,40,43,75,27,105
2020-11-14 10:00:00,45,70,19,60,39,50,14,90,48,75,23,115
2020-11-14 13:00:00,33,65,12,60,36,50,10,100,41,70,19,110
2020-11-14 16:00:00,31,65,13,50,32,50,12,60,44,65,16,100
2020-11-14 19:00:00,29,55,14,45,43,50,21,30,40,50,21,75
2020-11-14 22:00:00,41,60,16,55,41,60,31,55,44,55,21,80
2020-11-15 01:00:00,34,55,19,60,42,55,36,55,35,50,28,75
2020-11-15 04:00:00,35,60,22,55,46,55,43,65,34,60,34,65
2020-11-15 07:00:00,33,70,22,40,49,55,33,65,39,70,30,60
2020-11-15 10:00:00,36,70,24,50,58,50,30,70,41,65,32,70
2020-11-15 13:00:00,24,60,13,50,34,40,23,65,35,70,25,80
2020-11-15 16:00:00,22,55,12,40,33,45,25,60,33,70,23,90
2020-11-15 19:00:00,28,65,16,40,47,50,23,70,34,65,21,95
2020-11-15 22:00:00,27,65,18,50,51,45,21,70,37,55,25,100
2020-11-16 01:00:00,19,50,19,45,39,45,11,85,24,60,26,85
2020-11-16 04:00:00,20,60,20,40,30,45,7,100,30,70,33,80
2020-11-16 07:00:00,19,70,19,25,18,45,9,105,26,90,38,85
2020-11-16 10:00:00,22,80,17,35,16,60,13,115,24,90,36,100
2020-11-16 13:00:00,15,95,10,35,8,110,14,110,19,110,29,105
2020-11-16 16:00:00,12,80,6,55,6,120,16,80,12,110,27,110
2020-11-16 19:00:00,14,90,3,100,9,130,16,55,12,95,30,95
2020-11-16 22:00:00,23,100,9,130,12,115,22,65,13,95,35,85
2020-11-17 01:00:00,26,105,6,150,13,95,32,90,13,110,41,90
2020-11-17 04:00:00,23,95,10,165,11,100,33,95,11,100,45,90
2020-11-17 07:00:00,21,100,10,185,8,100,30,95,8,105,42,90
2020-11-17 10:00:00,23,100,7,210,8,110,28,85,9,100,39,85
2020-11-17 13:00:00,12,80,7,230,1,50,21,80,9,100,29,85
2020-11-17 16:00:00,10,55,6,215,7,25,19,60,7,100,31,80
2020-11-17 19:00:00,16,60,8,235,2,40,20,65,12,85,36,80
2020-11-17 22:00:00,22,95,6,225,5,105,27,85,15,110,39,70
2020-11-18 01:00:00,21,95,11,185,10,120,27,95,14,110,39,80
2020-11-18 04:00:00,19,95,9,195,8,125,24,100,12,100,40,85
2020-11-18 07:00:00,18,110,10,200,6,175,20,100,11,125,33,85
2020-11-18 10:00:00,19,100,9,215,3,210,14,100,12,125,33,90
2020-11-18 13:00:00,9,75,11,250,3,335,12,70,9,105,22,90
2020-11-18 16:00:00,8,30,11,250,6,330,11,50,3,30,23,90
2020-11-18 19:00:00,10,65,10,270,11,325,11,70,10,80,29,85
2020-11-18 22:00:00,15,85,9,255,10,325,15,50,6,75,30,85
2020-11-19 01:00:00,13,70,11,235,13,345,17,55,6,40,26,70
2020-11-19 04:00:00,14,60,7,250,15,0,18,70,9,25,29,75
2020-11-19 07:00:00,18,45,4,195,12,35,20,60,14,25,36,75
2020-11-19 10:00:00,21,55,1,185,8,45,24,60,18,45,37,75
2020-11-19 13:00:00,15,65,2,195,4,30,20,65,15,75,29,80
2020-11-19 16:00:00,13,55,5,155,4,15,18,55,14,60,26,85
2020-11-19 19:00:00,15,65,7,170,2,355,21,45,19,70,29,75
2020-11-19 22:00:00,15,75,9,215,4,320,19,50,19,75,28,80
2020-11-20 01:00:00,11,75,10,235,4,335,20,60,15,85,29,85
2020-11-20 04:00:00,15,60,5,275,11,5,19,65,14,70,27,85
2020-11-20 07:00:00,18,65,2,215,7,35,23,70,16,75,23,80
2020-11-20 10:00:00,22,75,4,180,6,45,28,80,19,80,24,90
2020-11-20 13:00:00,16,70,8,260,4,35,20,75,16,80,22,95
2020-11-20 16:00:00,14,65,2,285,5,35,17,65,13,70,24,105
2020-11-20 19:00:00,14,70,4,290,4,15,16,50,12,70,19,90
2020-11-20 22:00:00,12,85,4,275,5,15,21,65,17,65,25,90
2020-11-21 01:00:00,14,65,7,205,6,5,22,60,16,75,23,80
2020-11-21 04:00:00,18,60,6,215,10,25,23,65,15,75,22,80
2020-11-21 07:00:00,21,70,1,265,9,65,25,70,18,65,24,95
2020-11-21 10:00:00,22,75,4,190,6,75,24,85,19,65,23,95
2020-11-21 13:00:00,17,85,7,245,4,45,22,105,17,80,18,95
2020-11-21 16:00:00,14,75,1,215,4,50,16,100,14,60,20,90
2020-11-21 19:00:00,15,75,7,300,5,40,13,80,17,60,21,85
2020-11-21 22:00:00,20,85,1,260,5,85,15,75,22,75,20,85
2020-11-22 01:00:00,29,80,7,175,7,90,23,85,25,85,18,95
2020-11-22 04:00:00,29,85,8,175,7,85,23,100,24,85,20,100
2020-11-22 07:00:00,30,95,6,160,10,70,22,100,23,105,20,85
2020-11-22 10:00:00,29,100,7,130,13,65,22,90,22,105,25,85
2020-11-22 13:00:00,21,110,5,140,13,55,20,90,16,110,20,90
2020-11-22 16:00:00,16,95,6,135,15,50,22,80,11,100,20,80
2020-11-22 19:00:00,15,80,8,125,12,65,19,60,17,75,20,70
2020-11-22 22:00:00,24,75,12,130,25,85,28,75,27,75,24,80
2020-11-23 01:00:00,19,70,11,150,17,60,27,65,24,75,24,85
2020-11-23 04:00:00,23,70,7,105,29,55,28,70,31,70,28,85
2020-11-23 07:00:00,27,65,8,95,37,60,30,60,24,70,24,60
2020-11-23 10:00:00,23,75,11,85,40,70,26,65,30,70,29,50
2020-11-23 13:00:00,22,60,4,55,29,70,28,60,34,70,21,50
2020-11-23 16:00:00,23,50,9,45,31,70,26,60,36,70,22,70
2020-11-23 19:00:00,24,60,12,70,37,75,30,65,42,65,25,65
2020-11-23 22:00:00,38,70,13,95,39,70,33,80,45,70,27,75
2020-11-24 01:00:00,30,80,13,130,38,70,30,85,34,70,25,60
2020-11-24 04:00:00,25,80,21,130,34,85,33,85,34,65,28,65
2020-11-24 07:00:00,21,65,25,130,35,90,32,90,26,70,35,80
2020-11-24 10:00:00,22,90,19,125,46,95,30,85,23,95,38,90
2020-11-24 13:00:00,20,75,8,120,29,80,26,75,23,90,28,90
2020-11-24 16:00:00,23,75,6,100,29,80,22,60,30,80,28,85
2020-11-24 19:00:00,25,60,9,70,31,65,25,60,32,65,27,75
2020-11-24 22:00:00,29,70,9,105,36,70,32,70,37,65,37,75
2020-11-25 01:00:00,33,70,6,145,34,65,34,75,36,65,39,75
2020-11-25 04:00:00,32,80,10,110,38,70,40,85,30,80,40,70
2020-11-25 07:00:00,29,85,19,105,41,80,39,85,29,80,41,65
2020-11-25 10:00:00,27,75,20,115,47,80,31,90,29,85,43,70
2020-11-25 13:00:00,24,75,10,100,30,70,32,80,33,80,38,70
2020-11-25 16:00:00,19,65,8,95,26,65,26,65,31,70,40,75
2020-11-25 19:00:00,25,50,9,85,27,65,32,70,43,55,38,75
2020-11-25 22:00:00,41,65,10,50,29,60,38,75,43,60,43,85
2020-11-26 01:00:00,41,65,7,105,25,50,39,85,38,65,41,80
2020-11-26 04:00:00,34,70,9,110,33,45,39,90,47,60,45,80
2020-11-26 07:00:00,31,55,12,100,38,70,32,75,48,60,41,75
2020-11-26 10:00:00,22,65,12,95,38,80,31,65,39,75,43,80
2020-11-26 13:00:00,25,55,7,100,33,70,35,65,38,70,41,70
2020-11-26 16:00:00,23,50,8,80,37,65,34,55,49,55,44,75
2020-11-26 19:00:00,24,65,15,70,42,75,39,60,49,60,45,65
2020-11-26 22:00:00,43,70,14,85,43,65,44,80,51,70,54,75
2020-11-27 01:00:00,31,70,15,110,51,75,40,85,44,65,56,75
2020-11-27 04:00:00,27,80,16,110,58,80,46,90,41,70,57,70
2020-11-27 07:00:00,30,70,19,110,66,80,40,80,39,85,53,80
2020-11-27 10:00:00,30,70,14,105,59,65,39,95,35,80,53,80
2020-11-27 13:00:00,30,75,8,110,35,65,36,85,38,75,40,85
2020-11-27 16:00:00,31,65,7,115,39,75,29,65,43,65,43,85
2020-11-27 19:00:00,35,65,10,100,41,75,37,80,42,65,43,90
2020-11-27 22:00:00,36,75,10,75,52,75,38,80,44,75,45,90
2020-11-28 01:00:00,30,75,8,140,61,85,36,100,37,65,55,80
2020-11-28 04:00:00,24,75,10,120,62,85,33,95,24,70,57,85
2020-11-28 07:00:00,30,85,16,105,54,80,28,80,22,85,51,80
2020-11-28 10:00:00,28,75,11,100,51,80,30,80,21,100,48,90
2020-11-28 13:00:00,24,70,8,95,23,70,39,70,28,80,42,90
2020-11-28 16:00:00,23,55,8,100,30,70,34,70,36,70,42,85
2020-11-28 19:00:00,17,50,5,85,28,60,33,65,32,75,40,85
2020-11-28 22:00:00,24,65,10,75,31,70,40,70,34,70,38,90
2020-11-29 01:00:00,22,60,9,140,42,80,31,75,27,65,37,85
2020-11-29 04:00:00,26,50,11,115,39,70,24,80,32,75,38,80
2020-11-29 07:00:00,26,50,14,95,32,65,30,60,34,75,47,70
2020-11-29 10:00:00,27,65,12,75,29,50,37,80,39,85,49,75
2020-11-29 13:00:00,30,80,9,65,23,60,46,85,47,85,45,70
2020-11-29 16:00:00,25,70,10,55,23,55,46,75,49,75,49,70
2020-11-29 19:00:00,31,70,11,55,26,65,49,80,46,70,39,65
2020-11-29 22:00:00,45,65,19,50,26,55,42,75,48,70,40,75
2020-11-30 01:00:00,33,65,20,105,24,65,50,90,46,70,44,65
2020-11-30 04:00:00,28,75,15,90,33,70,60,80,43,80,47,70
2020-11-30 07:00:00,35,75,12,85,39,60,66,85,41,75,54,70
2020-11-30 10:00:00,32,70,11,75,43,70,67,70,46,60,52,75
2020-11-30 13:00:00,41,80,8,50,21,55,62,85,48,75,53,75
2020-11-30 16:00:00,39,80,9,35,27,60,65,75,49,65,46,70
2020-11-30 19:00:00,43,65,7,40,36,70,62,70,48,60,46,75
2020-11-30 22:00:00,44,70,13,65,43,75,66,70,46,60,51,80
2020-12-01 01:00:00,33,75,11,105,44,75,60,80,38,65,41,65
2020-12-01 04:00:00,35,80,11,110,46,80,61,75,39,75,42,60
2020-12-01 07:00:00,44,75,9,105,48,70,60,80,45,90,50,70
2020-12-01 10:00:00,48,80,8,90,44,70,65,80,60,80,49,70
2020-12-01 13:00:00,38,85,5,105,35,70,58,85,51,80,39,70
2020-12-01 16:00:00,43,80,6,95,38,70,56,80,49,75,42,70
2020-12-01 19:00:00,53,80,7,105,27,65,48,90,44,75,45,75
2020-12-01 22:00:00,45,80,9,125,34,80,40,100,44,70,46,80
2020-12-02 01:00:00,35,85,12,135,31,70,40,95,43,80,42,75
2020-12-02 04:00:00,35,80,7,125,39,75,47,90,42,80,54,45
2020-12-02 07:00:00,37,80,11,115,49,90,54,85,38,80,64,70
2020-12-02 10:00:00,34,95,10,110,44,85,64,95,29,90,54,75
2020-12-02 13:00:00,24,90,6,140,22,55,48,95,27,80,43,85
2020-12-02 16:00:00,26,75,8,140,20,65,37,75,35,75,46,85
2020-12-02 19:00:00,25,75,10,140,27,75,36,75,28,90,44,90
2020-12-02 22:00:00,30,80,14,145,21,70,40,80,29,85,51,90
2020-12-03 01:00:00,28,80,16,160,25,60,36,85,30,80,57,85
2020-12-03 04:00:00,29,65,14,155,35,65,39,80,26,75,59,90
2020-12-03 07:00:00,30,85,20,150,34,65,26,80,24,80,52,90
2020-12-03 10:00:00,31,70,18,145,34,70,25,70,32,70,54,90
2020-12-03 13:00:00,24,65,9,150,23,50,32,55,36,75,46,95
2020-12-03 16:00:00,20,50,7,135,27,60,33,55,39,75,44,90
2020-12-03 19:00:00,18,50,11,135,27,65,37,45,39,65,46,90
2020-12-03 22:00:00,32,60,15,135,20,60,46,55,40,60,47,85
2020-12-04 01:00:00,29,60,19,155,23,40,33,65,32,50,48,70
2020-12-04 04:00:00,32,55,18,145,28,40,34,55,34,50,44,70
2020-12-04 07:00:00,29,65,19,150,25,45,28,50,31,60,43,70
2020-12-04 10:00:00,28,55,20,140,33,55,26,55,36,60,43,70
2020-12-04 13:00:00,20,40,11,140,19,60,38,45,41,70,40,80
2020-12-04 16:00:00,12,35,17,135,23,60,39,50,40,65,35,85
2020-12-04 19:00:00,13,55,14,140,27,70,39,40,41,60,32,80
2020-12-04 22:00:00,31,70,16,130,20,40,42,65,37,60,36,80
2020-12-05 01:00:00,25,60,21,150,29,45,20,90,25,45,33,75
2020-12-05 04:00:00,27,50,17,145,28,60,18,75,30,60,34,80
2020-12-05 07:00:00,23,45,14,145,20,70,9,55,23,55,35,75
2020-12-05 10:00:00,24,55,12,120,31,85,11,80,24,60,38,80
2020-12-05 13:00:00,21,50,6,95,18,60,14,65,23,65,34,80
2020-12-05 16:00:00,17,45,6,110,20,65,23,70,27,70,31,85
2020-12-05 19:00:00,19,70,9,120,25,80,30,80,28,75,27,75
2020-12-05 22:00:00,24,70,11,130,15,70,27,85,23,70,34,75
2020-12-06 01:00:00,17,80,19,150,19,55,15,105,9,60,37,75
2020-12-06 04:00:00,16,60,14,150,20,55,6,80,15,55,34,75
2020-12-06 07:00:00,18,70,9,125,20,65,6,45,14,75,30,85
2020-12-06 10:00:00,19,70,7,110,17,65,9,35,10,70,23,85
2020-12-06 13:00:00,18,65,3,40,10,50,16,55,10,70,15,90
2020-12-06 16:00:00,17,60,6,80,12,40,20,65,14,75,15,85
2020-12-06 19:00:00,26,80,7,130,16,65,25,75,18,80,14,85
2020-12-06 22:00:00,27,95,9,140,15,80,25,95,17,95,19,75
2020-12-07 01:00:00,26,95,13,155,14,55,21,90,17,95,21,75
2020-12-07 04:00:00,27,95,11,170,17,55,14,105,17,95,26,75
2020-12-07 07:00:00,24,95,10,155,16,80,9,120,16,100,22,80
2020-12-07 10:00:00,26,95,12,130,20,80,11,110,14,95,21,85
2020-12-07 13:00:00,22,80,5,115,15,60,13,85,13,95,14,80
2020-12-07 16:00:00,14,55,7,125,16,65,17,60,15,85,13,90
2020-12-07 19:00:00,15,75,9,140,24,85,17,45,15,75,12,75
2020-12-07 22:00:00,18,80,8,125,26,80,21,45,18,75,11,95
2020-12-08 01:00:00,14,70,10,145,24,65,17,60,18,75,17,65
2020-12-08 04:00:00,14,55,9,155,25,80,14,80,15,55,24,75
2020-12-08 07:00:00,7,65,12,120,26,80,6,120,10,75,19,90
2020-12-08 10:00:00,11,60,13,115,24,70,4,50,15,65,19,105
2020-12-08 13:00:00,13,35,8,125,16,55,12,20,15,60,19,90
2020-12-08 16:00:00,14,25,5,120,14,55,18,35,20,65,19,100
2020-12-08 19:00:00,8,50,10,120,22,75,15,45,15,75,18,95
2020-12-08 22:00:00,10,80,13,130,14,60,14,35,16,70,26,75
2020-12-09 01:00:00,7,40,21,155,18,25,16,10,19,40,24,65
2020-12-09 04:00:00,11,10,11,165,20,40,18,10,19,45,23,80
2020-12-09 07:00:00,12,5,6,160,21,55,16,10,13,50,26,75
2020-12-09 10:00:00,12,30,6,160,19,45,14,25,14,50,23,70
2020-12-09 13:00:00,16,15,2,260,15,20,15,25,13,50,19,65
2020-12-09 16:00:00,15,15,6,145,10,20,18,30,12,65,12,65
2020-12-09 19:00:00,10,65,4,225,2,315,11,45,10,55,12,70
2020-12-09 22:00:00,8,30,10,165,11,320,10,40,11,55,14,50
2020-12-10 01:00:00,11,5,10,185,15,345,8,45,10,50,16,75
2020-12-10 04:00:00,15,30,6,190,13,350,10,40,14,55,15,65
2020-12-10 07:00:00,15,45,4,140,7,100,10,40,19,70,19,50
2020-12-10 10:00:00,17,70,6,115,11,105,12,75,17,80,17,55
2020-12-10 13:00:00,16,85,3,110,10,65,15,95,16,95,15,70
2020-12-10 16:00:00,11,50,7,125,7,45,14,75,12,95,11,80
2020-12-10 19:00:00,17,100,9,145,10,125,14,115,16,100,11,65
2020-12-10 22:00:00,21,115,12,160,13,120,9,125,16,115,11,65
2020-12-11 01:00:00,13,100,11,170,6,45,8,80,12,100,10,50
2020-12-11 04:00:00,12,95,8,205,10,25,10,75,11,95,13,65
2020-12-11 07:00:00,15,90,6,240,4,35,15,65,13,85,12,50
2020-12-11 10:00:00,13,95,3,230,6,30,13,70,11,80,14,70
2020-12-11 13:00:00,10,90,7,315,4,70,16,80,10,105,13,85
2020-12-11 16:00:00,11,25,2,10,4,0,15,60,9,85,11,65
2020-12-11 19:00:00,20,80,2,60,2,160,19,70,15,95,13,65
2020-12-11 22:00:00,22,105,5,180,1,235,15,80,15,95,17,60
2020-12-12 01:00:00,16,110,8,185,6,345,12,85,16,105,18,70
2020-12-12 04:00:00,12,110,6,210,6,30,13,85,12,110,19,90
2020-12-12 07:00:00,19,90,8,195,4,45,20,100,14,100,18,85
2020-12-12 10:00:00,18,95,4,220,4,125,15,115,12,110,19,85
2020-12-12 13:00:00,8,75,7,255,4,85,9,80,6,80,14,110
2020-12-12 16:00:00,9,20,5,195,2,0,11,45,4,25,10,95
2020-12-12 19:00:00,10,75,8,230,4,115,11,40,8,75,15,65
2020-12-12 22:00:00,12,100,12,220,5,140,9,45,9,90,15,80
2020-12-13 01:00:00,8,80,15,215,2,60,15,35,8,100,19,85
2020-12-13 04:00:00,8,65,12,230,1,335,16,55,7,115,22,90
2020-12-13 07:00:00,8,80,13,230,7,300,15,65,5,130,15,95
2020-12-13 10:00:00,10,95,9,230,7,300,17,80,6,135,14,120
2020-12-13 13:00:00,7,45,9,255,5,280,14,80,2,85,9,100
2020-12-13 16:00:00,8,25,5,250,3,270,16,65,3,10,12,95
2020-12-13 19:00:00,10,90,10,250,10,180,13,65,7,105,14,105
2020-12-13 22:00:00,14,110,11,245,13,200,12,60,8,145,13,95
2020-12-14 01:00:00,11,105,13,235,9,235,12,30,9,165,22,75
2020-12-14 04:00:00,8,80,9,230,4,230,17,50,1,55,25,85
2020-12-14 07:00:00,14,75,7,205,5,75,22,75,10,60,29,90
2020-12-14 10:00:00,19,75,11,175,8,55,21,85,17,70,33,90
2020-12-14 13:00:00,17,75,7,185,7,75,20,80,15,65,24,85
2020-12-14 16:00:00,18,60,5,150,6,60,20,65,16,60,26,85
2020-12-14 19:00:00,21,85,13,165,13,65,21,55,18,60,28,75
2020-12-14 22:00:00,18,70,9,180,16,75,24,60,15,55,28,80
2020-12-15 01:00:00,23,70,6,170,16,75,28,70,18,60,22,65
2020-12-15 04:00:00,25,70,6,140,22,55,31,75,22,60,26,75
2020-12-15 07:00:00,26,65,17,140,24,55,33,80,26,70,31,80
2020-12-15 10:00:00,26,75,18,140,33,80,34,90,25,80,35,85
2020-12-15 13:00:00,18,80,8,150,25,75,28,95,25,80,31,95
2020-12-15 16:00:00,16,70,9,150,31,80,21,75,21,70,33,95
2020-12-15 19:00:00,21,70,13,150,20,75,28,65,24,65,39,95
2020-12-15 22:00:00,21,70,16,145,17,85,33,70,23,60,39,100
2020-12-16 01:00:00,23,60,16,165,13,85,36,70,14,70,34,85
2020-12-16 04:00:00,22,65,9,175,21,100,37,70,14,55,35,90
2020-12-16 07:00:00,27,70,8,160,19,90,35,70,22,55,43,90
2020-12-16 10:00:00,25,60,10,150,39,100,31,75,21,60,45,95
2020-12-16 13:00:00,19,70,12,220,20,90,26,75,21,50,32,95
2020-12-16 16:00:00,21,55,6,155,26,80,24,55,27,55,30,80
2020-12-16 19:00:00,21,50,9,155,23,55,36,60,27,50,30,90
2020-12-16 22:00:00,21,45,8,150,26,70,37,55,30,40,37,95
2020-12-17 01:00:00,23,65,17,160,31,85,33,60,21,50,39,95
2020-12-17 04:00:00,17,45,18,170,22,70,25,70,18,35,34,75
2020-12-17 07:00:00,17,55,12,185,14,75,18,65,13,25,36,70
2020-12-17 10:00:00,19,45,10,190,19,65,17,70,16,25,41,80
2020-12-17 13:00:00,13,45,5,170,18,75,16,75,14,60,41,80
2020-12-17 16:00:00,11,60,8,155,19,75,20,60,11,95,49,75
2020-12-17 19:00:00,13,80,9,150,19,70,25,80,11,95,39,85
2020-12-17 22:00:00,15,70,17,165,13,45,25,80,7,90,41,100
2020-12-18 01:00:00,13,75,19,175,16,40,21,75,5,80,39,85
2020-12-18 04:00:00,14,60,18,180,18,40,23,80,6,35,34,75
2020-12-18 07:00:00,11,55,17,185,16,60,24,85,9,25,38,80
2020-12-18 10:00:00,16,50,15,180,24,85,22,75,13,40,42,80
2020-12-18 13:00:00,9,45,12,180,19,70,20,70,9,55,30,80
2020-12-18 16:00:00,15,35,15,175,21,65,24,50,14,50,30,75
2020-12-18 19:00:00,15,35,11,195,21,65,26,45,19,35,29,75
2020-12-18 22:00:00,13,65,14,170,20,40,28,50,22,50,34,70
2020-12-19 01:00:00,11,25,15,175,28,60,26,45,12,30,43,65
2020-12-19 04:00:00,18,10,10,175,28,60,26,55,18,30,40,60
2020-12-19 07:00:00,17,30,7,135,27,65,21,65,20,40,43,80
2020-12-19 10:00:00,17,40,7,95,37,70,17,75,19,55,48,90
2020-12-19 13:00:00,14,45,10,115,31,75,18,75,18,70,27,85
2020-12-19 16:00:00,11,60,9,140,28,70,24,80,16,75,40,75
2020-12-19 19:00:00,15,60,11,155,25,70,28,75,15,60,36,70
2020-12-19 22:00:00,16,80,16,130,26,65,27,75,16,45,36,70
2020-12-20 01:00:00,12,10,17,145,29,60,21,75,16,15,31,65
2020-12-20 04:00:00,22,10,17,125,37,65,22,50,27,35,29,70
2020-12-20 07:00:00,34,20,10,95,36,70,19,30,31,30,28,65
2020-12-20 10:00:00,33,30,12,105,41,75,20,35,32,50,32,70
2020-12-20 13:00:00,20,40,9,110,29,65,25,35,34,55,31,65
2020-12-20 16:00:00,24,40,10,145,31,70,32,40,39,60,29,70
2020-12-20 19:00:00,17,45,7,110,35,65,27,30,34,45,28,85
2020-12-20 22:00:00,28,30,13,115,36,50,25,25,44,25,28,60
2020-12-21 01:00:00,26,25,12,75,44,55,19,20,38,35,35,45
2020-12-21 04:00:00,39,25,11,75,52,65,21,15,43,50,34,50
2020-12-21 07:00:00,24,65,14,55,47,75,15,40,39,60,25,65
2020-12-21 10:00:00,23,70,16,60,41,65,19,75,27,75,28,70
2020-12-21 13:00:00,23,55,10,60,25,50,26,70,26,75,17,90
2020-12-21 16:00:00,19,40,10,60,26,55,24,70,34,70,22,85
2020-12-21 19:00:00,15,55,8,80,31,80,18,65,24,45,17,85
2020-12-21 22:00:00,20,40,8,65,30,70,16,65,24,35,27,75
2020-12-22 01:00:00,12,65,10,95,31,55,17,105,21,50,37,80
2020-12-22 04:00:00,8,55,10,110,31,65,7,100,20,55,27,60
2020-12-22 07:00:00,7,70,7,80,30,70,9,70,17,55,20,50
2020-12-22 10:00:00,9,50,10,75,31,70,12,70,21,50,27,50
2020-12-22 13:00:00,16,40,4,60,16,60,20,65,20,45,27,60
2020-12-22 16:00:00,12,55,5,65,14,50,21,60,20,45,30,75
2020-12-22 19:00:00,12,75,8,60,13,45,20,60,14,50,37,75
2020-12-22 22:00:00,13,60,8,50,17,70,20,75,17,60,39,65
2020-12-23 01:00:00,13,35,8,70,18,65,21,40,16,45,41,60
2020-12-23 04:00:00,13,25,6,80,17,70,22,30,13,50,35,60
2020-12-23 07:00:00,11,35,6,120,11,70,24,45,10,60,26,75
2020-12-23 10:00:00,15,30,9,130,10,60,25,55,11,30,28,70
2020-12-23 13:00:00,21,55,5,10,5,90,35,75,15,50,26,70
2020-12-23 16:00:00,20,70,5,20,9,45,30,70,16,65,28,65
2020-12-23 19:00:00,26,85,8,65,5,35,37,80,18,80,31,65
2020-12-23 22:00:00,27,85,7,80,6,65,33,80,21,95,32,65
2020-12-24 01:00:00,25,75,6,125,9,15,35,75,19,75,31,70
2020-12-24 04:00:00,24,60,5,120,15,55,37,75,21,65,33,85
2020-12-24 07:00:00,26,70,4,105,25,65,37,85,23,60,24,80
2020-12-24 10:00:00,29,70,3,85,31,80,37,85,26,55,25,65
2020-12-24 13:00:00,27,80,1,280,18,75,38,90,29,65,26,65
2020-12-24 16:00:00,20,55,2,210,16,55,29,60,21,70,28,60
2020-12-24 19:00:00,21,60,4,100,18,85,30,80,24,65,32,70
2020-12-24 22:00:00,23,75,8,120,14,85,31,90,21,80,42,70
2020-12-25 01:00:00,21,70,9,140,19,35,34,100,19,70,39,75
2020-12-25 04:00:00,26,80,11,135,21,60,35,100,17,80,38,60
2020-12-25 07:00:00,38,100,10,155,22,65,54,95,29,115,23,50
2020-12-25 10:00:00,39,90,13,155,22,65,52,100,26,115,15,55
2020-12-25 13:00:00,39,95,10,185,12,85,28,100,22,105,13,145
2020-12-25 16:00:00,27,90,9,165,12,80,30,75,16,100,26,145
2020-12-25 19:00:00,30,105,12,170,12,60,29,90,27,95,22,140
2020-12-25 22:00:00,33,110,12,180,10,70,34,105,23,105,21,130
2020-12-26 01:00:00,29,120,13,200,6,25,28,120,20,110,21,110
2020-12-26 04:00:00,27,125,13,200,6,30,29,115,23,120,29,100
2020-12-26 07:00:00,33,125,22,190,4,115,33,105,31,135,37,115
2020-12-26 10:00:00,31,115,20,195,1,35,27,115,23,130,37,120
2020-12-26 13:00:00,13,115,16,220,8,5,11,115,2,160,28,115
2020-12-26 16:00:00,13,80,11,185,5,345,15,65,3,360,23,120
2020-12-26 19:00:00,15,90,10,220,3,345,12,80,4,80,19,115
2020-12-26 22:00:00,14,95,14,215,5,310,10,60,7,90,18,125
2020-12-27 01:00:00,15,90,18,225,3,310,12,60,9,80,20,105
2020-12-27 04:00:00,14,80,16,250,3,295,12,50,8,70,23,110
2020-12-27 07:00:00,15,80,14,245,4,310,16,70,7,80,23,100
2020-12-27 10:00:00,18,80,9,255,4,350,19,90,11,85,27,100
2020-12-27 13:00:00,9,80,10,260,4,30,12,95,6,50,23,105
2020-12-27 16:00:00,10,55,6,190,2,15,14,75,5,0,26,100
2020-12-27 19:00:00,14,90,6,235,3,40,19,75,10,55,26,95
2020-12-27 22:00:00,14,75,12,220,1,10,21,65,12,65,27,100
2020-12-28 01:00:00,15,65,17,205,1,260,21,55,13,65,24,100
2020-12-28 04:00:00,18,50,14,220,4,290,20,60,15,65,25,95
2020-12-28 07:00:00,22,75,11,240,9,340,21,70,18,80,26,90
2020-12-28 10:00:00,23,85,9,240,8,350,21,80,18,90,29,85
2020-12-28 13:00:00,13,65,13,215,5,15,14,65,8,60,24,95
2020-12-28 16:00:00,11,30,13,180,5,330,15,45,6,40,18,105
2020-12-28 19:00:00,7,35,15,245,4,275,17,25,9,45,19,75
2020-12-28 22:00:00,7,40,14,275,5,255,22,30,9,65,19,70
2020-12-29 01:00:00,7,45,20,260,7,255,17,25,3,75,18,65
2020-12-29 04:00:00,8,35,15,265,5,250,17,30,3,10,22,70
2020-12-29 07:00:00,11,45,14,275,11,285,22,30,9,15,29,65
2020-12-29 10:00:00,17,30,7,255,11,300,24,30,14,10,33,70
2020-12-29 13:00:00,18,30,11,265,5,315,23,40,11,30,27,75
2020-12-29 16:00:00,18,20,2,305,8,345,24,40,13,15,25,65
2020-12-29 19:00:00,22,55,7,360,6,355,27,55,17,45,23,60
2020-12-29 22:00:00,23,60,8,35,9,350,25,55,18,65,23,65
2020-12-30 01:00:00,24,50,9,55,20,20,32,45,22,70,30,55
2020-12-30 04:00:00,26,60,10,95,22,55,33,55,20,70,32,65
2020-12-30 07:00:00,32,65,16,110,30,80,38,50,26,45,31,65
2020-12-30 10:00:00,34,50,17,120,42,80,39,50,33,50,35,65
2020-12-30 13:00:00,32,65,9,120,30,65,45,65,43,75,23,75
2020-12-30 16:00:00,28,60,12,135,36,70,40,65,42,60,31,75
2020-12-30 19:00:00,32,75,20,130,32,50,41,65,45,65,35,70
2020-12-30 22:00:00,25,70,29,135,26,60,39,70,37,50,36,75
2020-12-31 01:00:00,18,65,15,110,28,45,32,80,22,70,39,85
2020-12-31 04:00:00,20,50,17,120,24,55,34,70,22,65,51,80
2020-12-31 07:00:00,24,70,17,135,41,85,19,75,25,95,51,75
2020-12-31 10:00:00,26,50,16,125,40,75,18,65,20,85,47,75
2020-12-31 13:00:00,27,55,9,155,34,55,17,75,28,75,38,80
2020-12-31 16:00:00,20,50,7,130,30,55,28,80,36,75,43,80
2020-12-31 19:00:00,16,55,9,115,28,45,35,65,31,70,47,75
2020-12-31 22:00:00,18,55,14,130,28,30,29,80,25,45,43,90
2021-01-01 01:00:00,17,50,13,125,27,45,17,105,21,45,41,95
2021-01-01 04:00:00,22,40,12,110,27,50,12,90,21,45,36,95
2021-01-01 07:00:00,20,60,9,75,24,65,3,15,18,60,41,80
2021-01-01 08:00:00,20,60,10,70,28,75,5,15,18,50,40,80
2021-01-01 09:00:00,23,60,11,70,32,80,8,30,20,55,39,80
2021-01-01 10:00:00,26,55,12,75,32,80,13,50,22,60,39,80
2021-01-01 11:00:00,26,55,11,80,33,80,18,60,23,60,39,85
2021-01-01 12:00:00,25,55,8,90,32,80,20,65,22,60,38,85
2021-01-01 13:00:00,21,65,8,60,19,45,16,80,16,70,37,85
2021-01-01 14:00:00,20,65,8,50,19,50,18,80,18,60,35,85
2021-01-01 15:00:00,20,60,8,50,20,50,24,75,21,60,33,85
2021-01-01 16:00:00,19,60,9,45,22,60,29,70,23,65,33,85
2021-01-01 17:00:00,18,60,10,40,24,65,33,70,22,65,33,85
2021-01-01 18:00:00,17,65,11,40,27,75,35,75,22,60,35,90
2021-01-01 19:00:00,16,60,11,40,24,70,35,70,21,60,37,80
2021-01-01 20:00:00,18,70,11,40,20,65,34,70,19,60,36,80
2021-01-01 21:00:00,22,80,10,45,14,60,35,80,18,65,38,85
2021-01-01 22:00:00,24,80,11,60,15,50,31,85,16,65,39,85
2021-01-01 23:00:00,23,75,11,80,16,50,23,95,14,65,40,85
2021-01-02 00:00:00,20,75,10,100,16,50,17,105,13,60,39,90
2021-01-02 01:00:00,15,55,12,140,19,45,14,70,12,50,41,85
2021-01-02 02:00:00,14,50,11,145,19,45,14,65,15,45,37,85
2021-01-02 03:00:00,15,50,11,150,20,50,14,65,17,50,38,85
2021-01-02 04:00:00,17,55,10,145,22,60,13,70,20,55,37,80
2021-01-02 05:00:00,20,60,9,140,22,65,11,70,20,60,38,70
2021-01-02 06:00:00,22,65,7,125,24,70,10,70,19,60,39,70
2021-01-02 07:00:00,20,65,7,110,19,70,3,90,14,65,41,75
2021-01-02 08:00:00,21,70,7,95,20,65,3,85,14,65,42,80
2021-01-02 09:00:00,22,65,7,85,20,65,5,80,12,70,42,85
2021-01-02 10:00:00,24,70,6,75,18,70,8,80,13,80,42,85
2021-01-02 11:00:00,27,70,7,65,16,75,10,80,15,90,41,85
2021-01-02 12:00:00,27,70,6,65,13,85,11,80,14,90,38,90
2021-01-02 13:00:00,22,75,5,55,10,70,8,80,12,85,38,90
2021-01-02 14:00:00,19,75,4,65,8,55,8,65,11,85,37,95
2021-01-02 15:00:00,15,75,3,70,8,40,8,45,11,90,35,95
2021-01-02 16:00:00,12,70,4,85,8,30,10,30,11,90,33,95
2021-01-02 17:00:00,12,75,6,80,6,15,11,25,11,85,34,100
2021-01-02 18:00:00,12,75,7,90,4,330,9,20,10,65,36,100
2021-01-02 19:00:00,17,100,7,105,5,335,7,25,12,75,41,100
2021-01-02 20:00:00,18,105,8,110,5,350,9,30,12,75,43,105
2021-01-02 21:00:00,15,110,8,120,6,355,9,35,11,85,47,105
2021-01-02 22:00:00,12,110,8,125,4,360,8,15,11,90,48,100
2021-01-02 23:00:00,8,105,6,125,1,355,8,10,9,90,45,95
2021-01-03 00:00:00,7,95,6,130,3,220,7,20,9,85,43,90
2021-01-03 01:00:00,9,100,6,160,2,5,10,60,11,85,38,90
2021-01-03 02:00:00,9,95,6,180,2,40,9,65,11,85,39,85
2021-01-03 03:00:00,10,85,6,195,1,85,8,65,10,85,41,85
2021-01-03 04:00:00,11,75,5,210,2,55,9,65,10,80,41,80
2021-01-03 05:00:00,11,70,3,215,3,100,10,60,11,75,41,80
2021-01-03 06:00:00,12,70,1,190,4,115,11,55,12,80,41,80
2021-01-03 07:00:00,12,60,4,215,3,135,11,50,15,75,46,65
2021-01-03 08:00:00,15,65,2,190,4,130,12,50,18,75,46,70
2021-01-03 09:00:00,19,65,1,125,4,100,13,50,19,80,48,75
2021-01-03 10:00:00,20,65,1,25,5,60,14,45,18,80,47,80
2021-01-03 11:00:00,21,65,3,20,7,60,14,50,16,75,45,80
2021-01-03 12:00:00,19,65,5,20,8,65,15,55,15,80,42,80
2021-01-03 13:00:00,19,70,7,35,10,40,16,60,16,85,42,90
2021-01-03 14:00:00,18,55,8,55,12,45,18,60,16,85,41,90
2021-01-03 15:00:00,17,50,7,70,14,50,20,55,15,75,36,90
2021-01-03 16:00:00,17,50,7,85,15,55,21,50,17,75,37,85
2021-01-03 17:00:00,17,55,8,95,17,75,22,50,17,80,37,90
2021-01-03 18:00:00,18,70,9,100,20,85,25,55,15,80,41,85
2021-01-03 19:00:00,25,85,9,85,18,85,31,80,19,70,40,80
2021-01-03 20:00:00,25,85,10,90,21,90,32,85,19,70,41,80
2021-01-03 21:00:00,23,85,10,100,16,90,31,90,19,75,43,85
2021-01-03 22:00:00,21,90,11,110,18,85,30,95,18,85,43,85
2021-01-03 23:00:00,20,90,12,115,16,75,27,105,17,85,40,85
2021-01-04 00:00:00,20,85,12,120,19,65,27,110,15,90,41,85
2021-01-04 01:00:00,26,85,14,140,15,50,25,115,12,95,45,85
2021-01-04 02:00:00,27,85,12,140,19,45,21,120,10,90,47,90
2021-01-04 03:00:00,27,85,10,135,22,50,18,115,11,90,48,90
2021-01-04 04:00:00,27,90,10,125,24,55,17,100,15,95,48,95
2021-01-04 05:00:00,32,90,9,125,26,60,18,95,19,95,49,90
2021-01-04 06:00:00,36,90,9,125,27,65,19,85,19,100,51,90
2021-01-04 07:00:00,33,90,9,115,27,105,25,80,18,110,47,80
2021-01-04 08:00:00,32,85,11,115,27,105,32,85,19,105,49,75
2021-01-04 09:00:00,33,90,12,110,26,105,36,85,18,100,48,75
2021-01-04 10:00:00,35,90,11,110,25,100,40,90,17,100,47,80
2021-01-04 11:00:00,38,95,11,105,24,105,41,90,17,100,45,85
2021-01-04 12:00:00,40,95,11,100,24,105,39,95,18,100,41,85
2021-01-04 13:00:00,30,90,7,90,14,80,22,90,16,85,41,90
2021-01-04 14:00:00,24,75,6,95,13,70,20,85,15,85,38,90
2021-01-04 15:00:00,23,65,6,95,12,70,22,75,16,85,37,95
2021-01-04 16:00:00,22,60,7,110,13,70,23,65,17,90,38,90
2021-01-04 17:00:00,20,60,12,120,13,80,22,55,15,85,38,90
2021-01-04 18:00:00,18,75,14,120,11,80,22,55,14,80,40,90
2021-01-04 19:00:00,27,90,11,100,11,75,23,75,22,85,35,80
2021-01-04 20:00:00,32,90,11,105,12,65,24,80,18,90,37,85
2021-01-04 21:00:00,30,85,9,105,12,60,27,85,19,95,37,85
2021-01-04 22:00:00,27,85,9,100,13,50,30,95,18,90,37,85
2021-01-04 23:00:00,26,90,9,95,13,55,33,100,18,90,37,85
2021-01-05 00:00:00,26,95,9,100,13,55,33,110,19,100,40,85
2021-01-05 01:00:00,25,90,8,100,14,50,31,100,20,90,38,80
2021-01-05 02:00:00,21,95,6,95,15,55,30,95,22,95,40,80
2021-01-05 03:00:00,21,100,5,105,16,65,30,95,22,100,39,80
2021-01-05 04:00:00,21,95,5,120,16,65,32,90,21,105,38,80
2021-01-05 05:00:00,22,90,7,125,16,65,36,90,21,105,37,80
2021-01-05 06:00:00,25,90,7,125,17,75,35,90,21,100,38,75
2021-01-05 07:00:00,22,95,8,110,17,85,24,90,18,100,43,70
2021-01-05 08:00:00,24,95,8,115,16,85,29,85,17,100,45,70
2021-01-05 09:00:00,23,95,9,125,18,75,35,90,17,100,46,70
2021-01-05 10:00:00,23,85,10,130,20,70,39,90,17,100,46,70
2021-01-05 11:00:00,26,85,9,130,21,70,42,90,18,95,45,70
2021-01-05 12:00:00,24,85,7,125,20,65,43,85,18,95,44,70
2021-01-05 13:00:00,20,80,6,105,14,55,37,85,17,85,48,65
2021-01-05 14:00:00,16,70,5,115,13,50,32,85,15,80,49,65
2021-01-05 15:00:00,15,65,5,110,13,45,30,75,15,75,44,65
2021-01-05 16:00:00,16,65,5,110,13,45,28,70,16,75,41,65
2021-01-05 17:00:00,18,60,6,90,14,55,29,65,16,85,39,70
2021-01-05 18:00:00,18,60,7,90,15,70,28,65,14,95,37,75
2021-01-05 19:00:00,23,85,11,90,20,90,31,85,14,125,40,70
2021-01-05 20:00:00,23,90,12,110,21,90,31,90,13,125,42,75
2021-01-05 21:00:00,23,90,13,130,18,80,31,90,14,115,46,80
2021-01-05 22:00:00,23,90,16,130,13,70,30,95,15,105,51,85
2021-01-05 23:00:00,20,95,18,135,12,50,31,95,13,100,51,85
2021-01-06 00:00:00,25,100,19,140,12,35,31,95,11,100,50,90
2021-01-06 01:00:00,20,90,17,150,13,15,39,80,9,60,51,80
2021-01-06 02:00:00,18,80,15,155,14,20,39,80,10,45,52,80
2021-01-06 03:00:00,17,70,15,165,16,25,34,70,11,50,49,80
2021-01-06 04:00:00,18,60,13,175,18,35,32,65,13,55,50,80
2021-01-06 05:00:00,18,55,10,185,21,50,33,70,16,55,50,85
2021-01-06 06:00:00,19,45,9,190,24,55,33,75,18,50,49,85
2021-01-06 07:00:00,23,55,6,170,24,50,32,75,20,45,42,85
2021-01-06 08:00:00,24,60,6,175,25,55,32,70,20,50,41,85
2021-01-06 09:00:00,24,60,8,180,26,55,31,70,18,60,41,85
2021-01-06 10:00:00,22,55,8,190,25,65,31,65,18,55,40,85
2021-01-06 11:00:00,20,55,9,195,24,75,30,65,20,50,40,85
2021-01-06 12:00:00,16,55,9,200,22,75,29,60,18,55,38,80
2021-01-06 13:00:00,15,70,6,210,18,65,29,65,19,70,40,75
2021-01-06 14:00:00,15,55,4,205,16,60,28,55,17,70,41,75
2021-01-06 15:00:00,16,50,4,175,16,65,27,45,17,65,41,75
2021-01-06 16:00:00,16,45,6,155,17,65,26,50,17,70,41,75
2021-01-06 17:00:00,17,45,7,130,18,70,26,55,17,75,41,75
2021-01-06 18:00:00,17,50,10,130,18,75,26,60,16,75,40,75
2021-01-06 19:00:00,17,80,10,150,17,80,26,65,11,95,37,90
2021-01-06 20:00:00,17,90,14,175,16,80,25,70,7,105,37,95
2021-01-06 21:00:00,18,95,16,185,11,75,23,75,6,115,39,100
2021-01-06 22:00:00,15,95,16,185,9,70,22,75,5,120,40,100
2021-01-06 23:00:00,12,110,17,185,9,65,22,80,5,110,41,100
2021-01-07 00:00:00,10,110,18,190,8,75,22,80,4,100,41,100
2021-01-07 01:00:00,13,95,15,185,8,115,28,85,5,90,43,100
2021-01-07 02:00:00,13,90,15,190,8,125,29,95,5,85,43,95
2021-01-07 03:00:00,14,85,14,200,6,130,29,100,4,80,43,95
2021-01-07 04:00:00,16,80,13,200,4,115,30,100,5,75,47,95
2021-01-07 05:00:00,17,80,13,195,5,50,28,100,6,70,49,95
2021-01-07 06:00:00,18,85,15,195,8,40,25,95,7,80,50,95
2021-01-07 07:00:00,14,70,15,205,5,340,18,85,5,65,48,90
2021-01-07 08:00:00,13,70,15,205,7,15,16,85,5,70,48,90
2021-01-07 09:00:00,14,75,14,205,11,30,14,80,6,70,46,85
2021-01-07 10:00:00,14,75,13,210,13,45,12,70,7,70,44,90
2021-01-07 11:00:00,15,60,12,210,14,50,11,50,7,50,41,90
2021-01-07 12:00:00,15,50,10,215,14,60,13,30,9,35,40,90
2021-01-07 13:00:00,14,40,7,235,10,50,17,25,9,40,34,85
2021-01-07 14:00:00,16,35,5,210,11,50,21,25,11,40,29,85
2021-01-07 15:00:00,16,35,4,180,12,55,23,30,13,45,30,85
2021-01-07 16:00:00,16,35,6,165,14,60,24,40,15,50,31,80
2021-01-07 17:00:00,17,40,9,170,17,65,25,50,18,55,33,80
2021-01-07 18:00:00,18,50,10,165,19,75,28,50,18,65,36,75
2021-01-07 19:00:00,20,60,9,190,20,75,30,55,16,75,33,70
2021-01-07 20:00:00,21,65,12,190,23,80,31,55,16,80,36,70
2021-01-07 21:00:00,19,70,16,195,24,90,31,55,15,80,40,70
2021-01-07 22:00:00,18,75,17,185,18,95,31,55,14,80,41,75
2021-01-07 23:00:00,18,80,18,180,13,90,30,60,12,80,40,75
2021-01-08 00:00:00,16,80,20,180,13,85,30,70,12,75,40,75
2021-01-08 01:00:00,20,75,20,195,9,70,31,70,12,75,42,70
2021-01-08 02:00:00,24,75,19,190,15,70,33,75,13,70,43,75
2021-01-08 03:00:00,27,75,19,185,22,85,35,85,14,80,42,75
2021-01-08 04:00:00,29,75,19,180,29,90,38,90,14,75,43,80
2021-01-08 05:00:00,30,75,20,180,41,95,39,90,16,75,46,80
2021-01-08 06:00:00,30,85,21,175,51,95,42,90,17,80,49,80
2021-01-08 07:00:00,23,75,23,180,43,105,36,80,12,70,57,75
2021-01-08 08:00:00,24,80,21,175,51,105,34,80,15,85,59,80
2021-01-08 09:00:00,24,80,21,170,56,100,32,85,17,95,59,80
2021-01-08 10:00:00,23,75,20,170,58,100,30,85,16,90,56,80
2021-01-08 11:00:00,23,65,20,170,54,100,29,85,15,85,52,85
2021-01-08 12:00:00,24,60,18,165,46,90,31,85,16,80,46,90
2021-01-08 13:00:00,23,70,16,175,28,80,29,85,20,85,46,100
2021-01-08 14:00:00,23,65,16,175,29,85,26,80,21,75,42,100
2021-01-08 15:00:00,24,60,18,175,31,80,25,70,25,75,41,105
2021-01-08 16:00:00,23,55,20,175,33,80,25,60,28,70,41,105
2021-01-08 17:00:00,23,60,20,165,35,75,25,60,30,70,42,100
2021-01-08 18:00:00,23,65,18,165,33,65,23,65,29,75,44,95
2021-01-08 19:00:00,23,75,16,175,27,75,26,75,28,85,40,95
2021-01-08 20:00:00,24,80,16,175,25,70,29,80,26,95,42,95
2021-01-08 21:00:00,25,90,17,170,27,80,32,85,22,110,44,90
2021-01-08 22:00:00,26,95,20,175,29,85,33,90,18,115,45,90
2021-01-08 23:00:00,24,90,22,175,29,90,33,90,16,120,46,90
2021-01-09 00:00:00,24,90,24,175,26,90,33,95,12,110,46,90
2021-01-09 01:00:00,21,75,27,170,28,75,26,100,10,70,42,90
2021-01-09 02:00:00,21,70,26,180,27,70,23,110,10,65,42,95
2021-01-09 03:00:00,21,70,24,185,27,65,21,110,11,65,44,95
2021-01-09 04:00:00,22,80,23,185,25,60,21,115,10,70,44,90
2021-01-09 05:00:00,25,95,23,190,24,60,16,120,10,75,47,90
2021-01-09 06:00:00,23,95,24,190,22,65,11,140,10,85,49,85
2021-01-09 07:00:00,17,95,22,195,17,70,4,160,5,80,49,75
2021-01-09 08:00:00,18,80,22,190,17,70,3,125,5,80,52,80
2021-01-09 09:00:00,19,70,21,190,18,75,6,80,6,90,54,80
2021-01-09 10:00:00,19,60,18,190,19,80,8,65,5,95,50,80
2021-01-09 11:00:00,19,55,14,190,20,85,9,50,5,95,45,80
2021-01-09 12:00:00,18,55,12,185,21,90,9,40,5,100,42,80
2021-01-09 13:00:00,20,65,12,190,18,80,13,40,9,110,40,70
2021-01-09 14:00:00,20,65,14,185,16,75,14,50,9,105,43,70
2021-01-09 15:00:00,20,60,15,185,16,75,15,55,8,105,47,75
2021-01-09 16:00:00,19,60,17,180,17,75,14,50,8,115,47,75
2021-01-09 17:00:00,20,60,16,185,17,75,14,50,8,135,48,75
2021-01-09 18:00:00,18,60,17,185,15,75,14,55,10,150,47,75
2021-01-09 19:00:00,16,75,16,195,7,100,15,65,9,170,43,75
2021-01-09 20:00:00,15,70,15,200,6,100,14,70,8,165,42,80
2021-01-09 21:00:00,13,75,14,200,4,100,15,75,6,145,38,85
2021-01-09 22:00:00,12,80,16,195,4,65,16,85,5,115,35,95
2021-01-09 23:00:00,9,80,17,195,4,40,18,90,5,80,34,95
2021-01-10 00:00:00,9,80,17,195,5,40,19,90,5,60,33,90
2021-01-10 01:00:00,10,80,26,190,9,50,19,105,5,60,35,85
2021-01-10 02:00:00,11,80,26,190,10,50,19,105,5,55,36,90
2021-01-10 03:00:00,11,70,25,195,11,45,16,105,5,55,38,90
2021-01-10 04:00:00,12,65,26,195,13,50,12,100,6,65,37,90
2021-01-10 05:00:00,15,60,26,195,14,60,8,85,6,75,37,95
2021-01-10 06:00:00,18,60,24,195,14,60,7,60,6,80,37,95
2021-01-10 07:00:00,19,60,23,200,8,70,11,55,2,80,33,75
2021-01-10 08:00:00,18,60,21,200,8,75,11,55,2,20,34,80
2021-01-10 09:00:00,17,55,20,200,10,75,13,55,4,355,35,80
2021-01-10 10:00:00,17,45,16,205,14,80,14,50,5,15,36,80
2021-01-10 11:00:00,18,45,12,210,16,85,15,50,6,35,35,75
2021-01-10 12:00:00,18,45,9,200,19,90,14,50,7,55,33,75
2021-01-10 13:00:00,14,45,9,215,14,70,11,50,7,45,30,75
2021-01-10 14:00:00,14,45,8,200,14,70,12,55,7,65,31,75
2021-01-10 15:00:00,14,50,8,185,14,70,14,55,8,85,31,75
2021-01-10 16:00:00,14,55,7,175,14,75,16,55,9,95,30,75
2021-01-10 17:00:00,15,55,9,160,16,80,17,60,9,115,31,75
2021-01-10 18:00:00,16,60,10,160,17,85,18,60,10,140,31,80
2021-01-10 19:00:00,20,70,12,190,9,75,20,70,11,160,26,80
2021-01-10 20:00:00,19,70,14,195,7,60,21,75,9,165,28,85
2021-01-10 21:00:00,14,75,16,190,6,30,21,80,8,155,29,85
2021-01-10 22:00:00,10,85,19,185,8,30,22,95,8,155,30,85
2021-01-10 23:00:00,9,95,22,180,9,45,24,100,7,150,30,85
2021-01-11 00:00:00,13,100,24,175,10,60,24,105,6,150,31,85
2021-01-11 01:00:00,14,115,25,175,9,75,20,115,8,170,30,85
2021-01-11 02:00:00,14,110,25,175,12,75,19,120,6,160,31,85
2021-01-11 03:00:00,13,95,25,180,14,75,16,125,6,135,32,85
2021-01-11 04:00:00,14,80,25,180,15,70,13,115,5,95,32,80
2021-01-11 05:00:00,18,75,26,180,16,65,12,105,7,60,32,80
2021-01-11 06:00:00,23,75,26,185,18,65,10,90,9,55,34,80
2021-01-11 07:00:00,21,65,22,195,15,45,6,50,9,25,33,90
2021-01-11 08:00:00,24,65,21,195,20,55,8,40,12,35,32,90
2021-01-11 09:00:00,25,60,18,195,25,60,11,40,14,45,33,90
2021-01-11 10:00:00,23,50,14,205,28,65,14,45,15,50,34,90
2021-01-11 11:00:00,24,45,9,205,32,75,15,40,15,50,32,85
2021-01-11 12:00:00,23,35,6,180,33,85,15,35,14,60,30,80
2021-01-11 13:00:00,22,50,3,155,23,65,17,40,14,70,28,80
2021-01-11 14:00:00,20,50,6,145,23,70,20,45,15,75,30,75
2021-01-11 15:00:00,19,55,9,140,25,70,23,50,16,80,29,70
2021-01-11 16:00:00,20,55,12,135,27,75,26,55,18,85,29,70
2021-01-11 17:00:00,20,55,14,145,29,85,27,55,20,80,29,70
2021-01-11 18:00:00,17,55,17,150,29,80,30,55,23,75,30,70
2021-01-11 19:00:00,17,45,18,150,22,60,29,55,16,70,30,70
2021-01-11 20:00:00,16,50,17,145,23,40,31,60,15,60,35,70
2021-01-11 21:00:00,16,65,19,145,24,35,33,70,14,60,40,75
2021-01-11 22:00:00,13,70,25,150,26,45,32,90,16,60,44,75
2021-01-11 23:00:00,12,55,25,150,29,65,36,95,15,65,46,75
2021-01-12 00:00:00,20,55,23,150,33,70,34,105,17,65,47,70
2021-01-12 01:00:00,17,65,26,155,32,65,25,110,13,75,43,70
2021-01-12 02:00:00,19,70,24,155,33,60,21,105,14,80,45,75
2021-01-12 03:00:00,19,70,24,155,34,65,20,100,16,85,51,75
2021-01-12 04:00:00,21,80,22,160,35,65,18,90,18,90,55,75
2021-01-12 05:00:00,23,80,18,155,35,65,16,85,17,95,57,80
2021-01-12 06:00:00,24,80,17,155,35,65,14,80,18,95,59,80
2021-01-12 07:00:00,24,65,17,155,34,65,12,55,14,80,54,75
2021-01-12 08:00:00,24,60,17,150,32,65,12,60,15,70,54,75
2021-01-12 09:00:00,24,60,13,140,31,65,15,70,18,65,52,80
2021-01-12 10:00:00,25,60,11,130,33,75,17,70,22,65,47,80
2021-01-12 11:00:00,28,60,9,125,35,75,18,70,24,70,41,85
2021-01-12 12:00:00,31,65,10,115,32,75,19,70,26,70,40,90
2021-01-12 13:00:00,31,65,10,105,22,60,22,70,26,75,45,80
2021-01-12 14:00:00,27,60,8,85,21,55,23,65,27,75,44,80
2021-01-12 15:00:00,23,55,8,70,22,50,24,65,28,80,40,75
2021-01-12 16:00:00,21,50,8,65,21,50,26,65,30,85,37,80
2021-01-12 17:00:00,18,45,8,80,22,55,27,65,29,90,36,85
2021-01-12 18:00:00,16,50,4,105,25,60,27,65,26,90,35,85
2021-01-12 19:00:00,20,65,1,155,25,45,24,70,19,75,37,90
2021-01-12 20:00:00,21,75,4,130,27,50,24,75,19,60,39,95
2021-01-12 21:00:00,24,80,8,130,29,55,25,85,20,50,39,95
2021-01-12 22:00:00,22,75,12,145,26,55,24,95,20,50,38,95
2021-01-12 23:00:00,17,65,14,160,15,45,22,105,19,50,36,95
2021-01-13 00:00:00,14,60,14,165,9,75,18,110,18,55,35,100
2021-01-13 01:00:00,12,55,14,175,8,90,10,100,16,60,31,90
2021-01-13 02:00:00,10,60,11,185,7,65,7,105,15,60,30,90
2021-01-13 03:00:00,9,75,9,200,8,60,5,90,15,60,31,90
2021-01-13 04:00:00,9,75,9,210,8,55,5,70,14,65,31,90
2021-01-13 05:00:00,12,65,9,215,9,45,7,65,16,70,31,95
2021-01-13 06:00:00,15,60,9,210,9,40,7,60,18,70,29,95
2021-01-13 07:00:00,17,60,9,185,9,75,4,70,18,80,30,90
2021-01-13 08:00:00,18,70,9,185,8,70,4,70,19,75,30,95
2021-01-13 09:00:00,19,75,9,200,7,70,5,75,20,70,30,95
2021-01-13 10:00:00,16,70,10,215,8,85,6,85,20,70,30,95
2021-01-13 11:00:00,16,65,11,220,8,95,7,85,19,75,29,100
2021-01-13 12:00:00,15,65,11,220,5,90,7,85,17,75,28,95
2021-01-13 13:00:00,11,45,10,230,3,190,5,80,12,80,26,100
2021-01-13 14:00:00,9,30,10,235,4,220,4,85,9,80,26,95
2021-01-13 15:00:00,8,25,7,230,3,240,4,75,7,80,25,95
2021-01-13 16:00:00,8,30,7,185,4,265,4,55,8,75,24,95
2021-01-13 17:00:00,8,35,9,155,6,285,4,40,8,75,24,95
2021-01-13 18:00:00,9,45,10,150,8,295,5,30,7,85,23,95
2021-01-13 19:00:00,6,120,7,200,10,280,4,240,5,110,22,95
2021-01-13 20:00:00,7,130,9,185,12,285,4,260,2,100,20,90
2021-01-13 21:00:00,6,125,10,180,12,295,3,265,3,25,21,90
2021-01-13 22:00:00,3,135,11,180,11,305,1,280,4,10,20,80
2021-01-13 23:00:00,2,155,13,185,10,315,1,325,4,5,21,80
2021-01-14 00:00:00,0,140,14,195,7,325,1,230,3,25,22,75
2021-01-14 01:00:00,5,320,14,210,7,10,5,260,4,40,17,80
2021-01-14 02:00:00,5,340,15,210,8,15,5,275,4,35,17,75
2021-01-14 03:00:00,5,0,15,215,9,15,4,285,4,40,18,70
2021-01-14 04:00:00,5,20,14,225,11,20,3,305,5,40,20,70
2021-01-14 05:00:00,6,40,13,235,10,30,3,340,6,40,22,70
2021-01-14 06:00:00,7,45,11,240,6,40,6,355,7,45,21,80
2021-01-14 07:00:00,8,30,13,275,6,335,6,360,7,30,19,85
2021-01-14 08:00:00,8,25,12,280,8,330,6,10,9,25,20,90
2021-01-14 09:00:00,8,25,10,285,10,325,6,25,11,25,20,95
2021-01-14 10:00:00,9,30,8,285,10,330,6,35,11,25,21,95
2021-01-14 11:00:00,11,35,6,290,11,335,8,50,12,30,20,95
2021-01-14 12:00:00,12,35,5,285,11,335,8,60,12,35,19,95
2021-01-14 13:00:00,9,30,4,300,9,305,9,70,9,45,23,90
2021-01-14 14:00:00,8,30,1,250,8,315,10,70,8,50,24,95
2021-01-14 15:00:00,7,20,1,180,7,325,10,70,7,45,24,95
2021-01-14 16:00:00,7,25,1,130,4,330,11,65,6,45,24,100
2021-01-14 17:00:00,7,30,5,145,1,330,12,60,7,45,24,100
2021-01-14 18:00:00,6,45,7,140,2,265,13,55,7,65,24,95
2021-01-14 19:00:00,7,105,5,145,11,285,13,65,7,100,22,95
2021-01-14 20:00:00,7,110,5,165,10,285,14,65,6,115,22,95
2021-01-14 21:00:00,8,115,7,175,10,280,13,80,4,135,23,90
2021-01-14 22:00:00,11,120,10,160,9,260,11,90,4,165,23,85
2021-01-14 23:00:00,12,125,13,160,10,245,7,100,7,170,24,80
2021-01-15 00:00:00,12,135,14,165,12,240,3,110,9,170,25,80
2021-01-15 01:00:00,8,110,18,155,9,240,3,60,4,120,25,75
2021-01-15 02:00:00,8,110,19,160,8,250,4,30,3,100,27,75
2021-01-15 03:00:00,6,105,17,165,7,270,5,35,3,95,28,75
2021-01-15 04:00:00,6,85,16,170,6,280,5,45,3,105,28,75
2021-01-15 05:00:00,6,80,15,170,6,285,6,50,3,105,29,75
2021-01-15 06:00:00,7,95,16,170,5,285,7,60,5,105,30,75
2021-01-15 07:00:00,8,85,16,175,4,295,12,75,5,125,29,75
2021-01-15 08:00:00,9,85,16,180,2,290,12,75,7,125,30,80
2021-01-15 09:00:00,11,90,16,180,0,245,13,75,8,125,30,85
2021-01-15 10:00:00,12,90,16,180,1,130,13,85,8,125,31,85
2021-01-15 11:00:00,12,95,14,185,1,130,13,90,9,115,32,90
2021-01-15 12:00:00,12,95,13,185,4,160,12,85,10,105,28,90
2021-01-15 13:00:00,9,90,14,195,5,225,10,85,5,70,25,100
2021-01-15 14:00:00,8,80,13,185,5,255,11,80,3,45,22,110
2021-01-15 15:00:00,7,70,13,175,6,285,11,75,2,0,21,115
2021-01-15 16:00:00,6,65,14,175,6,290,11,70,2,315,20,125
2021-01-15 17:00:00,7,65,14,175,4,285,12,65,2,305,18,125
2021-01-15 18:00:00,7,80,14,185,2,265,15,60,2,40,16,125
2021-01-15 19:00:00,9,125,12,205,4,260,16,75,5,100,13,135
2021-01-15 20:00:00,9,125,15,210,4,240,14,70,6,115,10,140
2021-01-15 21:00:00,9,130,17,210,6,225,10,65,8,130,8,145
2021-01-15 22:00:00,9,140,18,205,9,220,7,55,11,150,7,130
2021-01-15 23:00:00,9,155,20,200,12,230,5,60,13,165,9,110
2021-01-16 00:00:00,10,155,20,200,15,235,3,65,13,180,10,105
2021-01-16 01:00:00,11,150,22,200,13,215,4,95,14,175,13,100
2021-01-16 02:00:00,10,150,22,195,14,215,4,90,14,180,14,100
2021-01-16 03:00:00,9,155,22,195,16,225,4,85,11,185,13,95
2021-01-16 04:00:00,9,160,21,195,15,225,4,80,10,185,15,90
2021-01-16 05:00:00,8,160,19,195,13,215,5,65,9,190,16,90
2021-01-16 06:00:00,7,165,18,195,14,210,6,75,9,195,18,90
2021-01-16 07:00:00,6,180,18,200,14,225,6,95,7,225,22,95
2021-01-16 08:00:00,6,185,16,195,12,225,7,90,7,225,23,95
2021-01-16 09:00:00,4,195,14,195,10,230,8,80,5,225,24,100
2021-01-16 10:00:00,3,210,15,195,10,220,9,80,4,215,24,105
2021-01-16 11:00:00,2,170,15,200,11,215,10,80,3,205,22,105
2021-01-16 12:00:00,5,155,14,200,10,210,10,70,4,160,19,110
2021-01-16 13:00:00,3,160,14,215,9,240,9,70,3,180,17,105
2021-01-16 14:00:00,2,180,11,195,6,250,9,60,4,245,17,110
2021-01-16 15:00:00,1,180,13,180,5,255,9,45,5,250,18,115
2021-01-16 16:00:00,1,135,15,175,4,255,10,30,5,245,16,115
2021-01-16 17:00:00,3,100,17,185,2,240,14,25,4,240,14,115
2021-01-16 18:00:00,6,65,19,205,2,175,16,30,3,230,14,110
2021-01-16 19:00:00,13,100,20,205,2,265,16,70,7,125,14,105
2021-01-16 20:00:00,13,100,20,200,1,245,16,75,7,125,14,105
2021-01-16 21:00:00,16,100,20,190,1,135,16,80,9,125,14,110
2021-01-16 22:00:00,17,95,22,185,3,120,16,85,11,120,14,110
2021-01-16 23:00:00,20,95,23,180,5,100,15,85,11,110,14,115
2021-01-17 00:00:00,21,95,24,180,7,100,15,80,14,105,15,110
2021-01-17 01:00:00,18,105,28,185,5,140,8,95,13,105,14,105
2021-01-17 02:00:00,14,110,28,185,3,140,8,80,11,95,15,105
2021-01-17 03:00:00,12,110,27,180,3,80,9,75,11,85,17,105
2021-01-17 04:00:00,13,105,28,175,6,65,10,75,12,80,19,105
2021-01-17 05:00:00,13,100,28,175,7,60,14,75,15,75,21,105
2021-01-17 06:00:00,15,90,28,170,12,75,16,75,17,75,21,110
2021-01-17 07:00:00,22,80,27,170,18,75,23,70,21,85,20,110
2021-01-17 08:00:00,25,75,25,165,25,70,25,75,23,90,23,105
2021-01-17 09:00:00,27,80,22,160,30,70,26,75,22,100,26,105
2021-01-17 10:00:00,29,85,19,150,36,70,28,75,22,100,28,105
2021-01-17 11:00:00,28,85,19,140,42,70,28,70,22,95,29,105
2021-01-17 12:00:00,23,75,19,140,40,70,26,55,23,90,28,105
2021-01-17 13:00:00,20,65,17,150,29,70,26,45,21,85,27,100
2021-01-17 14:00:00,21,60,16,155,30,60,26,40,23,75,26,100
2021-01-17 15:00:00,21,55,14,165,28,55,28,40,26,70,28,100
2021-01-17 16:00:00,21,55,14,165,29,60,29,45,29,75,30,95
2021-01-17 17:00:00,23,55,16,155,30,65,34,50,32,70,32,90
2021-01-17 18:00:00,25,60,19,140,35,80,38,50,33,70,37,85
2021-01-17 19:00:00,24,70,20,145,40,75,39,55,29,60,39,80
2021-01-17 20:00:00,25,70,24,155,44,80,40,55,30,60,41,80
2021-01-17 21:00:00,24,85,29,150,48,85,43,65,35,65,44,80
2021-01-17 22:00:00,24,75,29,150,48,95,46,65,38,65,47,75
2021-01-17 23:00:00,27,70,31,145,45,100,45,65,35,65,52,70
2021-01-18 00:00:00,29,65,31,145,41,100,41,70,30,70,54,65
2021-01-18 01:00:00,30,70,30,145,39,100,35,75,27,70,53,65
2021-01-18 02:00:00,30,70,30,145,38,100,34,70,26,70,55,70
2021-01-18 03:00:00,30,70,26,145,37,90,34,70,25,70,54,75
2021-01-18 04:00:00,28,65,21,145,36,80,34,65,23,70,53,75
2021-01-18 05:00:00,29,70,21,145,35,75,31,60,21,70,54,70
2021-01-18 06:00:00,25,70,20,150,34,70,26,60,19,75,56,70
2021-01-18 07:00:00,28,65,20,150,36,80,20,45,21,55,61,70
2021-01-18 08:00:00,27,65,17,145,36,80,19,40,24,60,64,70
2021-01-18 09:00:00,27,65,14,135,38,75,18,40,26,60,61,75
2021-01-18 10:00:00,28,65,13,140,37,75,18,35,30,70,57,75
2021-01-18 11:00:00,30,65,12,135,33,70,19,40,34,75,51,75
2021-01-18 12:00:00,30,70,10,120,31,65,20,40,34,85,47,80
2021-01-18 13:00:00,25,65,7,115,22,50,26,50,29,85,41,80
2021-01-18 14:00:00,23,60,7,105,20,65,28,40,27,85,38,80
2021-01-18 15:00:00,23,55,6,110,20,60,30,40,28,80,37,85
2021-01-18 16:00:00,24,55,7,115,21,60,30,40,30,75,37,90
2021-01-18 17:00:00,24,50,7,110,23,60,32,45,33,75,35,90
2021-01-18 18:00:00,22,55,9,115,23,65,33,45,33,75,32,95
2021-01-18 19:00:00,20,60,7,120,19,60,30,55,26,70,35,90
2021-01-18 20:00:00,21,60,8,130,19,40,30,55,26,60,34,90
2021-01-18 21:00:00,21,70,9,140,20,25,30,60,26,45,32,90
2021-01-18 22:00:00,20,70,10,130,23,20,28,60,30,35,33,90
2021-01-18 23:00:00,19,60,10,125,25,25,25,70,32,30,32,85
2021-01-19 00:00:00,19,40,10,120,30,30,22,80,30,25,33,90
2021-01-19 01:00:00,19,50,8,140,30,30,26,100,23,45,30,85
2021-01-19 02:00:00,20,50,10,145,31,30,25,110,22,50,31,85
2021-01-19 03:00:00,20,55,13,150,31,35,22,115,19,70,32,90
2021-01-19 04:00:00,17,60,14,150,31,40,20,115,15,85,32,90
2021-01-19 05:00:00,16,65,13,155,32,45,19,115,15,75,32,90
2021-01-19 06:00:00,15,75,13,155,34,40,17,120,16,65,31,95
2021-01-19 07:00:00,12,75,16,145,35,40,12,140,12,70,25,90
2021-01-19 08:00:00,14,80,15,150,36,45,9,155,12,70,25,95
2021-01-19 09:00:00,15,85,14,150,35,50,8,160,11,65,26,95
2021-01-19 10:00:00,14,85,17,150,34,45,7,175,11,60,26,95
2021-01-19 11:00:00,13,80,17,155,32,50,6,170,11,60,23,95
2021-01-19 12:00:00,12,65,14,160,26,50,5,160,12,50,22,95
2021-01-19 13:00:00,9,45,7,170,19,65,3,315,13,50,23,80
2021-01-19 14:00:00,10,20,5,185,15,60,8,0,15,60,21,85
2021-01-19 15:00:00,14,10,5,195,13,50,11,15,15,60,20,95
2021-01-19 16:00:00,14,15,6,180,11,45,15,25,16,60,19,100
2021-01-19 17:00:00,13,20,8,165,12,50,17,30,15,75,18,100
2021-01-19 18:00:00,11,30,10,150,12,50,16,35,13,70,16,100
2021-01-19 19:00:00,11,60,8,155,6,70,17,45,10,65,17,85
2021-01-19 20:00:00,9,80,10,160,4,75,13,55,9,65,18,75
2021-01-19 21:00:00,10,95,13,180,3,0,9,65,7,75,18,75
2021-01-19 22:00:00,11,105,15,185,5,345,5,90,5,75,16,80
2021-01-19 23:00:00,9,115,15,190,5,350,3,130,3,65,15,90
2021-01-20 00:00:00,5,145,17,190,5,350,2,135,3,65,14,105
2021-01-20 01:00:00,2,100,16,190,2,25,2,240,7,65,14,105
2021-01-20 02:00:00,2,65,17,195,2,75,1,235,8,60,15,110
2021-01-20 03:00:00,5,60,17,200,1,320,1,180,9,55,15,115
2021-01-20 04:00:00,7,70,17,205,3,360,1,185,9,50,13,115
2021-01-20 05:00:00,10,75,18,200,3,5,1,165,11,55,14,115
2021-01-20 06:00:00,11,80,19,200,3,45,2,125,13,60,14,115
2021-01-20 07:00:00,9,75,22,210,10,200,5,200,12,70,16,100
2021-01-20 08:00:00,9,75,20,210,8,200,4,205,12,80,16,105
2021-01-20 09:00:00,8,80,19,210,8,200,4,200,11,90,15,105
2021-01-20 10:00:00,7,90,19,210,9,200,3,210,10,100,13,110
2021-01-20 11:00:00,5,90,18,205,10,205,2,205,9,100,13,115
2021-01-20 12:00:00,5,70,16,200,6,210,2,155,7,90,11,120
2021-01-20 13:00:00,5,60,13,205,7,200,4,215,3,75,10,130
2021-01-20 14:00:00,7,40,11,195,6,200,2,220,2,60,9,140
2021-01-20 15:00:00,8,40,13,185,4,200,2,185,1,25,7,160
2021-01-20 16:00:00,8,40,15,180,3,205,1,115,1,300,6,175
2021-01-20 17:00:00,10,45,16,180,4,190,2,95,2,310,7,205
2021-01-20 18:00:00,11,65,18,200,5,175,5,80,1,350,10,230
2021-01-20 19:00:00,11,95,21,210,5,210,5,95,5,70,10,240
2021-01-20 20:00:00,12,115,21,215,5,200,5,115,7,95,9,250
2021-01-20 21:00:00,13,125,20,220,5,210,4,120,9,100,10,265
2021-01-20 22:00:00,13,135,18,210,4,230,5,125,8,105,9,280
2021-01-20 23:00:00,12,140,19,205,4,255,6,130,7,115,10,290
2021-01-21 00:00:00,11,135,17,210,4,285,6,135,7,130,8,315
2021-01-21 01:00:00,10,125,15,235,1,65,9,135,6,125,3,305
2021-01-21 02:00:00,10,115,13,240,1,330,9,140,5,115,1,315
2021-01-21 03:00:00,9,105,12,245,1,320,9,140,4,105,1,305
2021-01-21 04:00:00,8,95,10,250,2,340,9,140,3,115,1,325
2021-01-21 05:00:00,8,90,9,250,2,360,9,140,3,110,2,340
2021-01-21 06:00:00,9,90,8,255,2,50,8,140,3,80,2,60
2021-01-21 07:00:00,8,55,5,280,11,15,6,105,6,15,4,140
2021-01-21 08:00:00,8,70,4,260,10,25,5,105,7,35,4,135
2021-01-21 09:00:00,8,80,4,255,9,30,6,100,7,50,4,120
2021-01-21 10:00:00,9,90,4,245,7,35,8,105,8,55,7,120
2021-01-21 11:00:00,9,95,4,240,7,30,10,105,10,75,9,120
2021-01-21 12:00:00,9,90,4,220,5,40,11,110,9,75,10,125
2021-01-21 13:00:00,11,70,4,200,5,15,12,80,7,65,6,110
2021-01-21 14:00:00,9,55,6,170,5,20,13,70,5,60,5,120
2021-01-21 15:00:00,9,50,8,165,4,5,14,75,3,45,8,135
2021-01-21 16:00:00,9,60,10,165,2,40,16,85,3,40,8,155
2021-01-21 17:00:00,10,75,11,160,2,90,16,80,3,30,7,185
2021-01-21 18:00:00,10,85,10,155,2,120,18,70,3,45,8,190
2021-01-21 19:00:00,13,70,9,180,2,125,20,70,6,35,5,205
2021-01-21 20:00:00,15,75,13,195,6,155,19,65,8,55,4,205
2021-01-21 21:00:00,17,90,17,195,9,160,18,50,11,60,4,215
2021-01-21 22:00:00,15,105,18,190,12,165,17,45,13,75,4,220
2021-01-21 23:00:00,14,115,20,195,11,155,17,50,15,95,5,210
2021-01-22 00:00:00,14,115,22,200,10,160,16,55,16,115,4,195
2021-01-22 01:00:00,10,120,19,210,2,130,13,55,13,120,4,110
2021-01-22 02:00:00,8,105,18,215,1,120,13,60,11,125,4,105
2021-01-22 03:00:00,8,100,16,220,2,145,12,60,10,125,5,120
2021-01-22 04:00:00,7,105,14,225,4,145,12,60,10,120,6,125
2021-01-22 05:00:00,6,110,12,230,4,160,12,60,10,120,8,130
2021-01-22 06:00:00,5,125,10,235,5,170,11,65,9,115,8,140
2021-01-22 07:00:00,6,160,11,215,2,245,10,110,8,145,5,120
2021-01-22 08:00:00,6,170,11,210,1,300,10,115,6,150,6,115
2021-01-22 09:00:00,7,170,10,220,2,355,9,120,5,150,7,115
2021-01-22 10:00:00,7,170,8,235,2,40,11,125,6,135,6,115
2021-01-22 11:00:00,7,165,5,255,3,10,12,125,6,130,6,125
2021-01-22 12:00:00,5,150,3,235,5,15,11,120,5,110,6,145
2021-01-22 13:00:00,4,170,3,190,4,305,11,135,3,160,4,145
2021-01-22 14:00:00,3,180,5,185,4,320,11,130,3,200,2,165
2021-01-22 15:00:00,2,190,5,200,5,320,11,135,4,215,3,220
2021-01-22 16:00:00,2,135,3,185,4,320,10,135,5,205,5,250
2021-01-22 17:00:00,5,125,7,160,2,320,9,120,6,200,6,260
2021-01-22 18:00:00,9,125,11,150,1,150,10,110,5,195,7,275
2021-01-22 19:00:00,13,135,12,170,1,80,9,105,2,190,3,305
2021-01-22 20:00:00,13,130,14,180,3,100,9,105,3,120,3,325
2021-01-22 21:00:00,12,130,16,190,4,105,8,95,8,100,4,325
2021-01-22 22:00:00,12,135,17,180,6,105,8,80,13,105,2,345
2021-01-22 23:00:00,14,130,20,175,6,105,8,75,13,110,1,25
2021-01-23 00:00:00,15,125,23,185,4,115,9,75,12,105,2,50
2021-01-23 01:00:00,17,140,30,195,4,95,9,120,13,115,7,55
2021-01-23 02:00:00,15,140,30,200,4,85,10,115,13,120,8,60
2021-01-23 03:00:00,15,135,26,205,3,100,11,105,12,115,9,75
2021-01-23 04:00:00,15,130,19,215,2,115,12,95,12,110,11,80
2021-01-23 05:00:00,16,130,16,215,4,165,14,95,12,105,13,80
2021-01-23 06:00:00,17,125,14,210,6,170,16,95,13,105,16,85
2021-01-23 07:00:00,20,120,23,200,5,190,22,95,15,105,14,90
2021-01-23 08:00:00,20,120,22,200,5,180,22,95,16,110,15,90
2021-01-23 09:00:00,20,120,23,200,5,160,23,105,18,120,17,85
2021-01-23 10:00:00,22,125,23,200,6,150,22,105,19,115,18,85
2021-01-23 11:00:00,20,125,20,200,6,145,22,105,19,120,20,95
2021-01-23 12:00:00,17,125,19,195,6,145,20,105,12,120,17,100
2021-01-23 13:00:00,15,120,20,195,3,200,21,100,7,125,15,110
2021-01-23 14:00:00,13,120,20,195,4,200,20,105,7,155,12,120
2021-01-23 15:00:00,13,125,19,195,6,205,19,110,8,170,10,135
2021-01-23 16:00:00,15,130,18,190,7,205,18,105,9,175,11,155
2021-01-23 17:00:00,14,120,18,180,8,200,18,100,10,185,12,175
2021-01-23 18:00:00,14,110,20,195,9,185,18,95,10,185,12,195
2021-01-23 19:00:00,15,125,24,215,13,215,17,105,14,185,14,200
2021-01-23 20:00:00,13,130,21,230,16,215,17,100,13,180,14,205
2021-01-23 21:00:00,12,135,14,225,18,230,16,105,12,180,12,205
2021-01-23 22:00:00,13,130,13,210,21,250,15,105,12,175,11,200
2021-01-23 23:00:00,13,130,13,195,22,255,14,105,12,170,9,190
2021-01-24 00:00:00,13,125,14,200,19,250,13,100,10,170,8,180
2021-01-24 01:00:00,12,145,12,200,12,235,13,110,11,165,8,155
2021-01-24 02:00:00,11,150,13,205,12,225,12,105,10,170,9,135
2021-01-24 03:00:00,12,155,14,210,13,205,12,110,11,175,11,120
2021-01-24 04:00:00,14,150,14,210,15,200,12,115,13,180,11,115
2021-01-24 05:00:00,14,155,15,210,18,200,13,125,14,180,13,115
2021-01-24 06:00:00,15,150,15,210,19,200,14,125,15,180,14,120
2021-01-24 07:00:00,17,145,22,205,18,245,16,135,13,165,11,130
2021-01-24 08:00:00,18,145,21,205,18,240,16,135,12,160,11,125
2021-01-24 09:00:00,19,135,22,200,19,235,18,130,13,150,13,120
2021-01-24 10:00:00,20,135,23,200,20,230,18,125,14,150,15,120
2021-01-24 11:00:00,18,130,22,205,19,225,17,120,14,150,16,125
2021-01-24 12:00:00,15,135,17,215,14,225,15,120,11,160,16,125
2021-01-24 13:00:00,14,140,11,235,13,220,14,120,8,170,11,110
2021-01-24 14:00:00,13,140,8,235,11,225,13,115,7,190,11,105
2021-01-24 15:00:00,12,140,7,210,12,230,12,110,7,200,10,105
2021-01-24 16:00:00,12,140,9,190,11,235,12,100,8,205,8,110
2021-01-24 17:00:00,14,135,11,185,11,225,13,85,7,200,8,110
2021-01-24 18:00:00,15,125,13,210,13,215,15,80,6,190,7,110
2021-01-24 19:00:00,14,140,14,230,13,215,15,95,5,175,8,100
2021-01-24 20:00:00,14,150,14,235,13,220,15,90,5,145,9,100
2021-01-24 21:00:00,15,150,13,240,14,230,14,75,4,115,11,100
2021-01-24 22:00:00,17,135,12,255,16,220,14,70,6,110,12,110
2021-01-24 23:00:00,17,130,11,270,18,220,15,65,8,115,11,110
2021-01-25 00:00:00,16,120,9,275,19,215,16,60,8,120,10,105
2021-01-25 01:00:00,13,125,7,240,17,210,17,60,9,120,15,90
2021-01-25 02:00:00,13,120,8,230,16,220,17,60,9,120,17,95
2021-01-25 03:00:00,12,120,9,210,13,225,17,70,9,115,18,105
2021-01-25 04:00:00,11,115,10,205,11,220,18,75,8,110,19,110
2021-01-25 05:00:00,12,110,12,195,11,220,18,80,8,110,20,115
2021-01-25 06:00:00,11,115,14,195,10,220,19,85,9,110,20,115
2021-01-25 07:00:00,14,115,17,195,11,240,19,80,12,115,19,100
2021-01-25 08:00:00,15,110,16,195,10,235,20,80,13,115,21,100
2021-01-25 09:00:00,16,110,16,195,10,230,21,80,15,115,23,95
2021-01-25 10:00:00,16,105,17,200,10,230,21,80,15,115,25,95
2021-01-25 11:00:00,16,100,16,205,10,235,21,80,14,115,25,95
2021-01-25 12:00:00,12,95,14,210,8,225,20,75,8,120,21,100
2021-01-25 13:00:00,9,120,11,210,4,235,17,80,5,160,15,110
2021-01-25 14:00:00,6,105,9,195,3,250,16,65,3,190,14,110
2021-01-25 15:00:00,5,75,8,175,3,275,17,50,3,230,15,115
2021-01-25 16:00:00,6,60,8,170,2,285,20,45,3,260,16,120
2021-01-25 17:00:00,7,60,8,160,1,5,20,45,3,285,17,110
2021-01-25 18:00:00,9,70,7,150,4,50,21,40,4,345,19,105
2021-01-25 19:00:00,9,110,7,185,6,40,22,45,7,20,24,90
2021-01-25 20:00:00,10,100,8,190,7,40,23,40,10,35,26,95
2021-01-25 21:00:00,10,90,9,190,7,45,23,40,11,35,25,95
2021-01-25 22:00:00,9,75,11,200,6,60,23,40,12,40,23,100
2021-01-25 23:00:00,10,60,13,200,6,85,21,40,12,45,21,105
2021-01-26 00:00:00,12,65,14,200,6,115,20,40,11,45,21,105
2021-01-26 01:00:00,11,65,15,195,4,125,15,30,11,55,21,100
2021-01-26 02:00:00,12,65,15,200,7,115,16,30,12,60,22,95
2021-01-26 03:00:00,14,70,13,200,5,125,18,30,13,60,24,95
2021-01-26 04:00:00,14,70,13,195,4,130,19,35,13,60,26,90
2021-01-26 05:00:00,14,65,12,190,4,140,19,45,14,55,28,95
2021-01-26 06:00:00,16,70,13,185,5,135,20,55,16,55,29,95
2021-01-26 07:00:00,23,70,16,185,4,5,25,65,19,75,33,85
2021-01-26 08:00:00,25,75,17,180,6,20,27,70,22,80,34,85
2021-01-26 09:00:00,25,80,18,175,8,25,29,75,22,90,36,85
2021-01-26 10:00:00,24,85,18,175,9,30,29,75,22,90,39,85
2021-01-26 11:00:00,23,90,17,175,12,40,25,80,19,90,36,90
2021-01-26 12:00:00,18,80,16,175,14,50,22,75,15,90,29,95
2021-01-26 13:00:00,16,85,14,180,11,60,22,80,12,100,25,100
2021-01-26 14:00:00,14,80,13,175,10,55,22,75,10,100,21,105
2021-01-26 15:00:00,15,85,11,175,10,55,21,70,9,105,21,110
2021-01-26 16:00:00,17,75,11,165,9,60,22,65,9,105,22,110
2021-01-26 17:00:00,17,70,12,160,10,70,24,70,9,95,26,105
2021-01-26 18:00:00,16,70,15,160,11,80,26,65,10,95,26,100
2021-01-26 19:00:00,19,80,13,180,12,65,27,70,11,115,24,105
2021-01-26 20:00:00,20,80,13,185,12,65,26,70,12,125,23,105
2021-01-26 21:00:00,22,80,11,185,13,65,29,65,14,145,22,105
2021-01-26 22:00:00,24,80,12,185,12,75,29,70,14,150,20,100
2021-01-26 23:00:00,22,85,15,190,7,65,31,70,14,145,20,100
2021-01-27 00:00:00,23,85,18,185,5,35,31,70,13,135,24,100
2021-01-27 01:00:00,26,90,18,190,6,10,32,70,14,115,26,105
2021-01-27 02:00:00,28,90,19,190,9,5,34,75,13,105,26,105
2021-01-27 03:00:00,26,90,19,190,10,10,35,80,12,90,26,105
2021-01-27 04:00:00,26,85,17,195,11,15,33,80,13,85,29,110
2021-01-27 05:00:00,25,80,16,195,9,25,32,80,13,85,32,110
2021-01-27 06:00:00,23,80,16,195,8,40,32,80,11,85,33,110
2021-01-27 07:00:00,20,85,23,190,10,10,27,80,11,105,39,100
2021-01-27 08:00:00,22,90,24,185,11,15,26,80,13,105,42,100
2021-01-27 09:00:00,24,90,24,190,12,25,25,75,13,110,45,105
2021-01-27 10:00:00,24,95,24,195,14,30,25,75,13,105,45,105
2021-01-27 11:00:00,22,95,23,200,14,35,23,80,13,100,39,105
2021-01-27 12:00:00,20,90,19,195,13,45,21,80,8,85,35,110
2021-01-27 13:00:00,18,85,16,200,6,60,20,70,5,75,28,110
2021-01-27 14:00:00,17,80,13,190,6,45,21,65,4,50,27,110
2021-01-27 15:00:00,16,75,12,180,6,40,22,60,5,25,29,110
2021-01-27 16:00:00,15,70,13,170,5,35,22,50,5,30,30,105
2021-01-27 17:00:00,16,65,13,160,6,40,24,45,5,35,32,100
2021-01-27 18:00:00,19,65,12,165,6,55,25,45,6,50,33,100
2021-01-27 19:00:00,17,75,11,195,6,120,25,50,3,75,29,100
2021-01-27 20:00:00,18,75,10,205,8,125,25,50,3,65,29,95
2021-01-27 21:00:00,18,70,11,215,10,125,25,55,2,70,31,90
2021-01-27 22:00:00,19,65,12,210,10,130,25,55,4,85,33,85
2021-01-27 23:00:00,19,65,15,200,8,125,24,55,5,95,33,85
2021-01-28 00:00:00,19,65,18,195,8,120,23,60,5,100,34,90
2021-01-28 01:00:00,19,70,17,195,4,100,23,65,7,95,32,90
2021-01-28 02:00:00,18,75,16,200,2,0,24,65,8,95,32,85
2021-01-28 03:00:00,17,80,16,205,4,355,25,65,9,95,36,85
2021-01-28 04:00:00,17,80,14,210,5,15,27,70,10,90,37,80
2021-01-28 05:00:00,17,75,9,210,6,40,27,70,10,85,39,80
2021-01-28 06:00:00,18,65,7,200,9,40,26,70,11,75,40,80
2021-01-28 07:00:00,18,60,11,175,16,15,26,60,14,55,35,75
2021-01-28 08:00:00,20,55,12,165,17,20,27,60,16,55,36,80
2021-01-28 09:00:00,21,55,13,160,18,30,29,60,18,50,38,85
2021-01-28 10:00:00,22,60,14,160,18,40,30,60,22,50,38,85
2021-01-28 11:00:00,23,60,13,160,18,45,28,55,24,60,34,90
2021-01-28 12:00:00,20,50,12,160,19,55,25,50,23,65,31,90
2021-01-28 13:00:00,18,50,8,165,17,50,24,45,21,65,31,95
2021-01-28 14:00:00,19,45,7,170,17,55,25,50,21,65,31,95
2021-01-28 15:00:00,19,45,8,160,19,55,26,50,23,65,32,90
2021-01-28 16:00:00,20,50,11,145,21,60,30,50,24,70,35,90
2021-01-28 17:00:00,19,55,13,145,25,65,32,50,25,70,34,90
2021-01-28 18:00:00,20,55,14,150,27,70,32,55,26,70,35,85
2021-01-28 19:00:00,27,65,12,165,24,60,38,60,23,75,31,85
2021-01-28 20:00:00,27,65,14,170,20,55,38,60,20,80,32,80
2021-01-28 21:00:00,28,65,16,180,18,40,38,65,18,85,33,80
2021-01-28 22:00:00,28,65,15,195,16,40,40,70,17,90,34,80
2021-01-28 23:00:00,29,80,13,195,17,50,43,65,14,95,38,80
2021-01-29 00:00:00,34,90,13,200,19,60,40,70,13,105,41,80
2021-01-29 01:00:00,25,95,17,190,20,70,33,75,12,95,35,90
2021-01-29 02:00:00,21,95,20,200,21,80,29,75,11,90,34,85
2021-01-29 03:00:00,21,95,22,205,19,80,24,75,14,100,33,85
2021-01-29 04:00:00,21,90,21,205,22,80,22,75,15,110,34,85
2021-01-29 05:00:00,20,85,20,205,25,85,24,70,14,105,35,85
2021-01-29 06:00:00,20,85,21,195,27,85,25,65,13,95,38,90
2021-01-29 07:00:00,19,80,28,180,28,70,24,60,12,90,37,85
2021-01-29 08:00:00,20,80,35,180,30,75,23,65,12,90,38,85
2021-01-29 09:00:00,22,80,34,190,30,75,23,70,13,95,40,90
2021-01-29 10:00:00,22,80,29,185,30,80,22,75,14,95,39,95
2021-01-29 11:00:00,22,80,22,180,31,85,22,85,15,95,34,100
2021-01-29 12:00:00,22,85,18,185,28,85,20,90,15,95,30,100
2021-01-29 13:00:00,19,85,12,190,18,75,19,85,10,100,24,100
2021-01-29 14:00:00,18,70,12,185,17,75,19,70,10,90,20,105
2021-01-29 15:00:00,17,65,14,175,17,75,21,60,10,75,17,110
2021-01-29 16:00:00,16,65,16,205,16,75,23,50,13,75,16,110
2021-01-29 17:00:00,16,70,16,195,17,80,24,50,15,80,15,110
2021-01-29 18:00:00,18,75,16,180,18,85,23,55,13,100,15,110
2021-01-29 19:00:00,18,70,16,190,17,80,25,55,7,160,16,100
2021-01-29 20:00:00,16,75,18,180,15,70,25,55,5,175,16,100
2021-01-29 21:00:00,14,70,21,180,10,65,23,60,4,160,17,95
2021-01-29 22:00:00,14,90,20,190,9,40,21,65,1,125,22,90
2021-01-29 23:00:00,14,100,21,205,10,15,20,65,3,30,27,85
2021-01-30 00:00:00,11,90,20,205,11,5,20,70,3,45,31,80
2021-01-30 01:00:00,9,50,24,190,9,25,20,55,2,25,36,85
2021-01-30 02:00:00,9,50,27,190,11,25,21,65,3,355,36,80
2021-01-30 03:00:00,9,55,28,190,13,30,22,65,5,0,37,85
2021-01-30 04:00:00,9,50,31,190,13,40,22,70,6,25,37,85
2021-01-30 05:00:00,10,50,30,190,14,40,22,65,7,35,39,85
2021-01-30 06:00:00,10,50,29,190,14,50,21,60,6,45,41,85
2021-01-30 07:00:00,11,60,26,195,14,65,23,70,5,55,44,70
2021-01-30 08:00:00,14,65,24,195,15,75,21,70,8,75,46,75
2021-01-30 09:00:00,17,65,21,195,17,80,18,70,12,95,47,75
2021-01-30 10:00:00,18,65,22,190,19,80,16,75,14,95,44,80
2021-01-30 11:00:00,17,60,21,190,20,75,16,70,11,95,39,80
2021-01-30 12:00:00,15,50,16,190,18,75,16,70,9,85,35,85
2021-01-30 13:00:00,14,40,13,220,15,70,16,65,6,70,33,90
2021-01-30 14:00:00,15,45,13,210,14,70,17,55,8,70,30,95
2021-01-30 15:00:00,15,55,14,200,13,65,18,45,8,75,30,95
2021-01-30 16:00:00,15,55,21,195,13,60,21,40,9,70,30,95
2021-01-30 17:00:00,16,50,22,200,13,65,26,40,11,70,30,95
2021-01-30 18:00:00,16,55,25,190,14,70,29,50,12,80,30,90
2021-01-30 19:00:00,19,60,24,190,19,75,27,55,12,100,30,80
2021-01-30 20:00:00,18,60,26,200,23,75,26,60,10,120,31,85
2021-01-30 21:00:00,14,65,28,200,24,85,26,65,11,145,32,85
2021-01-30 22:00:00,10,75,31,205,18,90,28,65,13,155,33,85
2021-01-30 23:00:00,9,80,26,215,12,85,31,65,11,155,32,90
2021-01-31 00:00:00,8,85,23,215,8,65,31,75,8,150,32,90
2021-01-31 01:00:00,10,85,26,195,11,50,29,80,10,130,36,85
2021-01-31 02:00:00,12,85,27,195,13,45,31,80,9,120,38,90
2021-01-31 03:00:00,14,85,28,195,14,45,31,80,9,110,39,85
2021-01-31 04:00:00,17,85,26,200,18,45,28,85,7,115,39,90
2021-01-31 05:00:00,17,75,26,195,22,45,27,90,3,125,40,85
2021-01-31 06:00:00,18,70,30,185,24,50,25,90,3,75,41,85
2021-01-31 07:00:00,13,75,25,195,18,60,23,100,1,135,38,80
2021-01-31 08:00:00,11,75,26,195,19,65,18,100,2,200,38,75
2021-01-31 09:00:00,11,75,24,195,20,80,16,105,1,170,40,80
2021-01-31 10:00:00,10,60,24,190,21,90,15,100,4,125,41,85
2021-01-31 11:00:00,11,60,21,190,22,95,13,90,4,110,35,90
2021-01-31 12:00:00,14,75,18,190,20,95,12,75,7,100,32,90
2021-01-31 13:00:00,11,65,14,210,14,100,11,60,2,130,31,95
2021-01-31 14:00:00,12,55,14,200,12,95,14,45,2,55,28,95
2021-01-31 15:00:00,13,50,18,195,11,95,16,40,3,40,27,100
2021-01-31 16:00:00,14,45,17,205,11,100,18,40,3,55,25,110
2021-01-31 17:00:00,15,55,14,215,11,100,20,35,5,45,25,115
2021-01-31 18:00:00,17,60,17,205,11,95,23,40,5,50,26,110
2021-01-31 19:00:00,20,70,18,220,11,95,29,50,6,75,24,110
2021-01-31 20:00:00,20,70,20,235,12,95,29,55,5,70,25,105
2021-01-31 21:00:00,21,80,19,215,12,95,27,55,4,105,26,100
2021-01-31 22:00:00,21,80,21,200,14,100,24,50,5,140,27,95
2021-01-31 23:00:00,20,70,19,205,10,90,26,55,5,150,28,95
2021-02-01 00:00:00,18,65,18,210,6,75,27,65,5,155,27,95
2021-02-01 01:00:00,14,70,17,235,5,100,26,65,6,130,30,95
2021-02-01 02:00:00,12,60,16,245,3,60,26,70,4,115,32,95
2021-02-01 03:00:00,11,60,15,250,4,15,25,70,2,50,34,90
2021-02-01 04:00:00,11,55,14,255,7,20,25,70,3,40,35,90
2021-02-01 05:00:00,12,50,13,250,9,15,25,75,6,35,37,90
2021-02-01 06:00:00,12,60,12,235,11,15,23,75,9,55,38,90
2021-02-01 07:00:00,10,55,14,255,12,10,22,75,5,50,41,85
2021-02-01 08:00:00,12,55,11,245,13,15,22,70,6,50,42,85
2021-02-01 09:00:00,13,60,9,240,12,20,21,70,9,60,41,90
2021-02-01 10:00:00,14,60,9,245,11,25,20,70,11,80,39,90
2021-02-01 11:00:00,13,55,9,245,10,35,18,65,12,80,35,90
2021-02-01 12:00:00,12,50,10,235,10,60,17,60,11,70,32,90
2021-02-01 13:00:00,12,50,9,230,9,35,18,45,10,70,29,90
2021-02-01 14:00:00,14,50,9,215,9,30,20,40,10,65,28,95
2021-02-01 15:00:00,14,40,11,195,8,25,21,40,9,65,28,100
2021-02-01 16:00:00,13,40,11,195,9,15,22,45,9,70,30,105
2021-02-01 17:00:00,14,45,12,200,9,20,24,50,8,80,30,105
2021-02-01 18:00:00,16,60,16,210,8,40,26,50,8,90,28,105
2021-02-01 19:00:00,17,75,16,220,10,60,23,60,11,95,28,100
2021-02-01 20:00:00,18,75,17,225,11,75,23,65,10,95,27,100
2021-02-01 21:00:00,16,80,17,230,11,75,22,65,11,100,27,95
2021-02-01 22:00:00,16,80,18,220,9,75,22,65,12,105,26,95
2021-02-01 23:00:00,15,85,18,230,5,65,20,65,12,120,26,90
2021-02-02 00:00:00,14,90,18,225,4,30,21,65,11,130,25,85
2021-02-02 01:00:00,18,85,17,230,13,325,23,60,8,105,24,85
2021-02-02 02:00:00,17,80,15,240,14,325,23,60,7,110,25,85
2021-02-02 03:00:00,17,80,14,245,14,330,23,55,6,115,27,85
2021-02-02 04:00:00,17,75,13,245,13,335,24,55,5,110,27,85
2021-02-02 05:00:00,16,70,12,230,12,340,25,60,5,100,28,85
2021-02-02 06:00:00,17,65,10,220,11,345,25,60,6,80,28,85
2021-02-02 07:00:00,20,70,21,215,10,20,24,60,11,70,28,80
2021-02-02 08:00:00,21,75,19,220,10,35,24,60,11,75,28,80
2021-02-02 09:00:00,21,75,19,220,12,40,24,60,13,85,28,80
2021-02-02 10:00:00,22,75,19,220,14,40,24,60,15,85,27,80
2021-02-02 11:00:00,21,70,19,220,16,40,23,55,17,80,27,80
2021-02-02 12:00:00,18,70,17,220,14,60,20,55,12,75,25,80
2021-02-02 13:00:00,16,70,13,225,10,35,23,50,9,80,24,80
2021-02-02 14:00:00,15,65,12,210,8,25,24,45,7,75,22,80
2021-02-02 15:00:00,15,65,13,210,8,25,26,45,6,70,22,80
2021-02-02 16:00:00,15,60,14,215,8,25,26,45,6,65,23,80
2021-02-02 17:00:00,16,60,16,220,9,40,26,50,7,80,25,80
2021-02-02 18:00:00,18,60,20,225,10,45,29,50,8,90,25,75
2021-02-02 19:00:00,18,70,23,230,13,55,33,55,8,90,23,70
2021-02-02 20:00:00,19,70,22,235,13,70,33,60,7,95,25,65
2021-02-02 21:00:00,21,70,20,240,13,85,32,60,7,115,27,60
2021-02-02 22:00:00,24,70,19,240,14,90,33,60,7,120,29,60
2021-02-02 23:00:00,23,75,17,235,14,80,34,60,6,125,32,60
2021-02-03 00:00:00,22,80,15,230,9,70,34,60,6,120,35,60
2021-02-03 01:00:00,22,90,15,215,8,80,35,60,8,115,39,65
2021-02-03 02:00:00,23,90,14,210,8,70,35,60,7,115,40,70
2021-02-03 03:00:00,22,90,12,205,8,65,36,65,7,95,41,70
2021-02-03 04:00:00,25,85,13,205,9,45,36,65,8,80,40,75
2021-02-03 05:00:00,27,85,14,205,11,45,36,65,11,80,41,80
2021-02-03 06:00:00,28,85,14,200,12,55,36,70,13,90,42,80
2021-02-03 07:00:00,31,80,19,210,15,55,39,70,16,85,42,80
2021-02-03 08:00:00,31,80,17,205,16,60,37,70,17,80,43,80
2021-02-03 09:00:00,32,80,16,200,19,65,34,70,20,75,44,85
2021-02-03 10:00:00,32,80,15,190,22,70,34,70,22,70,42,80
2021-02-03 11:00:00,31,75,17,185,24,75,33,70,21,75,35,80
2021-02-03 12:00:00,26,80,18,190,22,75,29,65,16,70,31,85
2021-02-03 13:00:00,23,75,16,200,21,75,25,60,14,65,22,85
2021-02-03 14:00:00,21,70,15,190,19,70,25,50,13,65,20,85
2021-02-03 15:00:00,19,60,14,185,18,65,26,45,13,70,21,90
2021-02-03 16:00:00,19,55,14,180,18,60,28,45,14,75,22,100
2021-02-03 17:00:00,21,50,14,170,18,60,28,50,15,75,24,100
2021-02-03 18:00:00,20,55,14,170,19,60,33,50,18,70,26,95
2021-02-03 19:00:00,21,60,15,205,19,55,35,55,13,65,28,90
2021-02-03 20:00:00,24,55,14,215,20,60,35,55,13,60,30,85
2021-02-03 21:00:00,28,60,13,220,18,55,35,55,10,60,31,85
2021-02-03 22:00:00,29,65,11,220,17,40,34,55,9,65,32,85
2021-02-03 23:00:00,31,70,10,205,20,35,37,50,10,60,33,80
2021-02-04 00:00:00,27,75,10,195,19,40,38,50,11,65,36,70
2021-02-04 01:00:00,20,70,12,205,18,40,32,55,14,65,34,65
2021-02-04 02:00:00,20,70,12,210,19,40,31,60,18,65,36,65
2021-02-04 03:00:00,18,65,11,210,19,45,29,55,22,75,39,70
2021-02-04 04:00:00,21,65,10,200,20,50,29,55,24,75,41,70
2021-02-04 05:00:00,23,65,12,185,21,60,29,60,25,75,42,70
2021-02-04 06:00:00,25,70,15,175,23,55,27,60,25,70,42,70
2021-02-04 07:00:00,31,60,18,175,23,55,33,50,27,60,44,65
2021-02-04 08:00:00,33,60,23,180,24,55,30,55,26,55,45,65
2021-02-04 09:00:00,32,65,27,180,26,60,27,55,25,55,47,70
2021-02-04 10:00:00,33,70,28,180,29,60,25,55,28,55,49,75
2021-02-04 11:00:00,33,70,27,185,30,65,26,55,27,65,46,80
2021-02-04 12:00:00,30,65,20,180,25,70,24,55,24,65,42,85
2021-02-04 13:00:00,27,65,10,185,19,70,24,60,19,70,35,90
2021-02-04 14:00:00,25,60,9,180,18,60,25,55,20,70,31,90
2021-02-04 15:00:00,24,60,7,165,19,55,25,55,21,70,29,95
2021-02-04 16:00:00,23,60,7,145,19,60,26,50,23,70,28,100
2021-02-04 17:00:00,22,60,9,135,20,65,29,50,25,65,28,100
2021-02-04 18:00:00,22,60,12,140,21,60,32,55,26,70,28,95
2021-02-04 19:00:00,25,60,12,155,20,65,32,60,25,65,32,80
2021-02-04 20:00:00,26,70,12,170,19,70,32,60,24,60,33,85
2021-02-04 21:00:00,28,75,12,185,18,65,30,60,21,55,32,85
2021-02-04 22:00:00,28,75,12,170,14,60,30,60,19,50,33,80
2021-02-04 23:00:00,27,80,14,170,11,50,30,65,18,55,34,80
2021-02-05 00:00:00,24,80,15,175,10,45,30,70,20,50,37,80
2021-02-05 01:00:00,22,70,23,195,16,25,26,75,18,55,43,80
2021-02-05 02:00:00,21,65,24,195,16,25,24,80,19,50,43,85
2021-02-05 03:00:00,19,55,23,195,16,25,23,80,20,50,44,85
2021-02-05 04:00:00,18,50,22,195,17,30,22,80,18,50,44,90
2021-02-05 05:00:00,16,60,23,195,19,25,20,85,18,45,45,90
2021-02-05 06:00:00,16,70,24,195,20,20,18,85,16,45,46,90
2021-02-05 07:00:00,15,55,23,195,20,40,18,85,15,40,43,85
2021-02-05 08:00:00,15,55,20,195,19,45,17,80,16,45,44,85
2021-02-05 09:00:00,16,50,18,195,18,50,16,85,18,45,43,90
2021-02-05 10:00:00,17,50,16,195,19,50,14,75,19,55,42,95
2021-02-05 11:00:00,17,50,12,200,20,50,12,70,19,65,37,95
2021-02-05 12:00:00,16,55,8,195,19,55,12,70,17,65,31,100
2021-02-05 13:00:00,19,50,5,200,18,55,14,50,18,65,35,95
2021-02-05 14:00:00,18,45,4,170,16,55,16,50,18,65,34,100
2021-02-05 15:00:00,17,40,5,150,15,55,19,45,17,65,32,100
2021-02-05 16:00:00,16,45,6,140,14,55,22,45,17,70,32,110
2021-02-05 17:00:00,16,45,9,135,14,60,22,45,18,75,33,115
2021-02-05 18:00:00,17,50,10,130,15,60,22,45,18,80,33,115
2021-02-05 19:00:00,17,60,10,145,15,75,23,50,14,95,30,110
2021-02-05 20:00:00,16,70,10,160,16,85,24,55,10,100,29,110
2021-02-05 21:00:00,17,90,11,165,17,85,24,65,8,105,29,115
2021-02-05 22:00:00,20,95,15,155,19,95,21,65,8,90,28,115
2021-02-05 23:00:00,22,90,22,160,11,100,18,65,8,80,28,120
2021-02-06 00:00:00,24,95,23,170,9,95,17,65,7,75,29,125
2021-02-06 01:00:00,19,85,22,185,9,75,14,60,11,45,28,120
2021-02-06 02:00:00,18,80,22,185,8,65,13,65,11,40,29,120
2021-02-06 03:00:00,16,75,22,185,7,55,12,70,12,45,29,120
2021-02-06 04:00:00,14,70,23,185,8,45,13,70,12,60,29,120
2021-02-06 05:00:00,15,60,24,180,9,55,14,75,13,70,34,115
2021-02-06 06:00:00,15,55,26,175,11,65,15,85,14,65,37,110
2021-02-06 07:00:00,12,70,28,180,11,65,15,85,13,65,37,105
2021-02-06 08:00:00,12,65,29,180,11,65,15,85,14,65,37,105
2021-02-06 09:00:00,13,70,29,185,12,60,15,90,14,65,36,105
2021-02-06 10:00:00,13,70,27,185,13,55,17,95,13,75,35,105
2021-02-06 11:00:00,14,65,21,190,15,55,16,95,12,85,30,105
2021-02-06 12:00:00,14,80,14,185,16,70,16,95,11,95,27,105
2021-02-06 13:00:00,12,80,14,195,17,70,12,95,7,95,25,105
2021-02-06 14:00:00,12,75,13,190,14,70,11,80,6,100,21,110
2021-02-06 15:00:00,11,75,13,180,11,65,11,65,4,105,18,110
2021-02-06 16:00:00,9,70,13,175,10,55,12,55,4,100,19,110
2021-02-06 17:00:00,8,55,14,170,10,55,13,55,3,100,17,115
2021-02-06 18:00:00,8,55,17,175,10,50,14,55,2,45,15,125
2021-02-06 19:00:00,12,65,14,185,11,55,19,45,2,40,10,105
2021-02-06 20:00:00,14,60,17,185,12,60,20,40,3,140,11,100
2021-02-06 21:00:00,13,60,19,185,12,65,20,40,5,165,13,100
2021-02-06 22:00:00,13,60,22,175,10,70,19,45,8,160,15,105
2021-02-06 23:00:00,13,85,28,175,10,90,16,50,11,160,15,105
2021-02-07 00:00:00,15,95,29,180,7,95,15,45,10,165,16,105
2021-02-07 01:00:00,14,85,31,200,5,50,16,60,6,150,14,105
2021-02-07 02:00:00,15,90,30,200,4,35,17,70,4,165,15,105
2021-02-07 03:00:00,17,100,30,205,5,50,17,70,3,160,17,100
2021-02-07 04:00:00,18,110,26,210,5,35,16,70,4,130,19,100
2021-02-07 05:00:00,17,105,23,210,5,30,17,80,5,135,21,105
2021-02-07 06:00:00,16,100,20,210,6,25,18,85,6,130,21,105
2021-02-07 07:00:00,12,105,19,210,7,15,14,85,4,175,20,105
2021-02-07 08:00:00,12,100,16,205,8,20,15,80,3,175,22,100
2021-02-07 09:00:00,12,100,15,205,7,30,16,85,2,150,22,100
2021-02-07 10:00:00,11,95,15,200,7,50,17,90,2,100,21,100
2021-02-07 11:00:00,10,95,15,195,7,50,15,85,3,90,18,105
2021-02-07 12:00:00,9,100,13,195,7,65,13,80,5,100,14,105
2021-02-07 13:00:00,8,110,15,205,5,65,11,90,4,140,14,90
2021-02-07 14:00:00,8,110,13,200,5,65,12,80,4,160,14,90
2021-02-07 15:00:00,8,115,13,205,5,70,12,65,5,170,14,95
2021-02-07 16:00:00,8,110,13,205,4,65,13,50,5,165,16,105
2021-02-07 17:00:00,9,100,14,190,3,80,16,45,5,165,16,105
2021-02-07 18:00:00,10,95,17,185,3,95,18,45,5,150,15,95
2021-02-07 19:00:00,9,100,17,190,4,100,20,50,6,125,14,70
2021-02-07 20:00:00,11,85,19,185,6,120,17,45,9,115,15,70
2021-02-07 21:00:00,13,90,24,190,7,130,16,45,10,120,16,80
2021-02-07 22:00:00,16,95,25,180,7,130,13,45,12,130,16,85
2021-02-07 23:00:00,17,95,25,180,8,125,12,55,13,130,15,90
2021-02-08 00:00:00,18,95,24,180,9,120,11,65,15,135,16,85
2021-02-08 01:00:00,14,110,23,185,12,110,10,60,11,145,22,85
2021-02-08 02:00:00,14,115,22,195,11,115,10,70,12,145,24,85
2021-02-08 03:00:00,14,115,19,205,8,135,12,80,14,130,24,90
2021-02-08 04:00:00,13,120,15,205,8,140,14,90,15,135,24,90
2021-02-08 05:00:00,12,125,10,200,7,155,14,95,14,140,25,90
2021-02-08 06:00:00,14,125,11,170,6,160,16,100,14,135,24,90
2021-02-08 07:00:00,15,130,20,170,7,155,15,105,17,140,22,85
2021-02-08 08:00:00,16,130,19,170,7,155,17,105,19,140,25,85
2021-02-08 09:00:00,16,120,21,160,8,155,19,110,20,140,28,85
2021-02-08 10:00:00,18,120,23,165,10,145,21,110,21,135,29,90
2021-02-08 11:00:00,16,125,22,165,12,140,20,110,15,135,26,95
2021-02-08 12:00:00,14,130,22,170,15,125,15,110,10,150,21,95
2021-02-08 13:00:00,12,145,22,195,9,130,14,120,8,180,18,105
2021-02-08 14:00:00,12,150,23,200,8,135,15,125,8,175,15,110
2021-02-08 15:00:00,12,155,25,215,9,140,13,120,7,175,14,115
2021-02-08 16:00:00,14,150,27,220,10,135,12,115,10,170,12,125
2021-02-08 17:00:00,15,140,26,225,15,135,13,115,14,175,11,130
2021-02-08 18:00:00,12,145,25,225,18,135,13,105,16,180,9,110
2021-02-08 19:00:00,10,145,27,215,13,150,13,125,12,170,8,100
2021-02-08 20:00:00,14,150,29,225,17,155,11,125,12,170,8,95
2021-02-08 21:00:00,15,150,27,240,20,160,9,125,10,195,6,105
2021-02-08 22:00:00,15,155,27,255,20,155,10,125,13,190,5,130
2021-02-08 23:00:00,14,170,26,260,18,160,11,135,14,200,6,145
2021-02-09 00:00:00,15,185,20,270,20,165,10,140,17,205,9,125
2021-02-09 01:00:00,20,195,10,270,21,180,11,150,19,205,8,120
2021-02-09 02:00:00,20,200,8,280,17,185,9,150,20,200,10,115
2021-02-09 03:00:00,19,205,7,295,26,125,9,155,21,200,13,125
2021-02-09 04:00:00,20,210,8,310,34,120,9,165,23,210,17,135
2021-02-09 05:00:00,19,210,8,330,33,125,9,175,25,220,18,135
2021-02-09 06:00:00,22,205,8,355,31,130,9,185,25,220,18,130
2021-02-09 07:00:00,20,220,8,330,19,180,9,215,26,230,12,125
2021-02-09 08:00:00,20,225,9,340,20,200,10,225,25,225,13,120
2021-02-09 09:00:00,19,235,9,360,22,225,12,230,21,240,14,125
2021-02-09 10:00:00,18,240,9,5,23,210,14,230,16,245,15,130
2021-02-09 11:00:00,17,255,8,0,20,205,15,230,15,245,13,135
2021-02-09 12:00:00,16,275,8,350,18,205,16,235,13,270,10,140
2021-02-09 13:00:00,14,280,8,340,17,200,19,225,13,290,7,150
2021-02-09 14:00:00,13,295,8,320,10,210,20,235,13,310,5,155
2021-02-09 15:00:00,13,305,7,320,9,220,21,235,14,325,4,155
2021-02-09 16:00:00,13,325,7,0,8,220,20,240,15,335,4,170
2021-02-09 17:00:00,13,330,10,40,9,245,20,250,14,340,5,225
2021-02-09 18:00:00,8,325,14,35,11,275,17,255,13,335,9,240
2021-02-09 19:00:00,3,310,13,360,19,315,14,260,8,295,4,285
2021-02-09 20:00:00,2,350,14,350,16,320,12,265,8,300,4,320
2021-02-09 21:00:00,5,30,13,355,16,320,11,275,8,305,4,350
2021-02-09 22:00:00,8,40,13,10,20,335,10,280,6,320,4,25
2021-02-09 23:00:00,11,45,13,15,24,340,9,295,4,350,5,55
2021-02-10 00:00:00,16,45,14,20,27,350,7,315,6,25,6,60
2021-02-10 01:00:00,10,35,14,20,23,355,7,260,6,345,6,45
2021-02-10 02:00:00,10,20,15,25,22,355,7,285,12,345,6,55
2021-02-10 03:00:00,11,15,15,25,21,355,6,305,16,350,5,55
2021-02-10 04:00:00,13,20,15,30,19,355,6,325,17,355,6,65
2021-02-10 05:00:00,14,25,13,35,18,350,6,340,19,0,9,75
2021-02-10 06:00:00,16,30,12,40,19,345,5,350,19,10,12,80
2021-02-10 07:00:00,15,15,11,40,23,335,9,355,15,0,12,75
2021-02-10 08:00:00,17,15,11,50,26,330,10,5,15,0,14,80
2021-02-10 09:00:00,19,15,10,60,26,330,13,15,15,355,15,80
2021-02-10 10:00:00,20,20,10,60,25,330,16,20,15,360,16,80
2021-02-10 11:00:00,19,20,9,60,24,330,18,25,15,360,16,85
2021-02-10 12:00:00,17,25,8,50,20,340,18,30,13,10,14,90
2021-02-10 13:00:00,17,25,8,20,23,325,21,35,13,25,11,75
2021-02-10 14:00:00,16,20,7,20,17,335,23,35,11,25,14,70
2021-02-10 15:00:00,15,20,6,25,16,340,23,40,11,20,16,75
2021-02-10 16:00:00,14,15,4,20,15,345,23,40,10,20,16,85
2021-02-10 17:00:00,13,15,3,35,16,345,23,40,10,20,17,80
2021-02-10 18:00:00,14,20,4,70,18,330,23,35,11,20,17,75
2021-02-10 19:00:00,10,30,8,105,25,320,21,30,9,355,15,70
2021-02-10 20:00:00,9,40,8,125,26,320,22,25,10,335,16,70
2021-02-10 21:00:00,9,40,5,145,28,325,24,25,10,330,17,75
2021-02-10 22:00:00,9,45,4,170,28,335,24,25,9,340,18,75
2021-02-10 23:00:00,7,45,4,170,23,350,22,35,6,340,18,75
2021-02-11 00:00:00,6,70,4,165,21,10,19,35,3,315,17,75
2021-02-11 01:00:00,8,110,8,165,18,25,19,55,5,230,20,75
2021-02-11 02:00:00,4,90,9,155,14,20,15,65,5,255,20,80
2021-02-11 03:00:00,4,355,10,150,14,20,11,55,7,285,21,80
2021-02-11 04:00:00,5,355,11,150,15,15,9,50,9,310,22,80
2021-02-11 05:00:00,5,10,10,160,14,20,9,40,9,330,22,80
2021-02-11 06:00:00,5,20,9,160,14,25,9,35,9,345,23,80
2021-02-11 07:00:00,6,10,11,170,15,35,10,25,9,360,22,70
2021-02-11 08:00:00,7,15,12,165,14,40,10,40,10,5,23,70
2021-02-11 09:00:00,8,5,12,165,15,35,10,35,11,5,24,70
2021-02-11 10:00:00,11,355,12,170,14,35,10,30,12,5,24,75
2021-02-11 11:00:00,12,0,11,180,14,30,13,20,12,25,21,75
2021-02-11 12:00:00,13,5,9,195,11,45,16,15,12,45,19,75
2021-02-11 13:00:00,13,5,8,225,9,50,17,10,12,50,15,75
2021-02-11 14:00:00,13,0,6,225,8,50,17,15,12,50,16,65
2021-02-11 15:00:00,13,355,4,185,6,40,16,10,11,50,16,65
2021-02-11 16:00:00,13,355,7,160,7,25,14,10,10,50,17,65
2021-02-11 17:00:00,13,355,12,155,8,25,13,20,10,55,19,60
2021-02-11 18:00:00,12,360,14,160,10,25,15,25,9,60,21,60
2021-02-11 19:00:00,10,10,9,175,8,10,17,35,8,50,18,50
2021-02-11 20:00:00,9,15,9,190,7,5,18,35,9,25,15,55
2021-02-11 21:00:00,8,30,10,205,10,345,18,35,6,35,14,65
2021-02-11 22:00:00,8,55,10,205,16,345,15,35,3,70,14,60
2021-02-11 23:00:00,6,95,12,200,17,345,13,35,0,40,12,55
2021-02-12 00:00:00,5,145,16,195,19,350,11,35,2,310,12,50
2021-02-12 01:00:00,4,235,21,200,19,335,7,40,4,305,14,50
2021-02-12 02:00:00,5,255,22,205,17,335,4,40,6,275,14,55
2021-02-12 03:00:00,6,265,21,210,17,335,3,55,7,265,16,50
2021-02-12 04:00:00,6,285,18,230,18,335,1,15,7,270,19,45
2021-02-12 05:00:00,7,310,14,255,18,335,3,335,9,280,21,40
2021-02-12 06:00:00,9,320,14,265,17,345,6,325,9,285,22,45
2021-02-12 07:00:00,9,325,11,255,19,360,10,315,9,305,18,35
2021-02-12 08:00:00,9,335,10,245,20,360,12,325,9,315,18,35
2021-02-12 09:00:00,9,345,9,245,19,0,15,330,9,325,21,40
2021-02-12 10:00:00,10,345,9,250,17,5,17,335,9,330,23,40
2021-02-12 11:00:00,9,350,10,245,16,0,17,340,10,330,20,40
2021-02-12 12:00:00,9,350,10,240,13,360,15,350,8,340,16,45
2021-02-12 13:00:00,8,350,9,225,11,350,16,355,7,335,13,50
2021-02-12 14:00:00,6,355,7,195,11,350,17,5,8,345,13,55
2021-02-12 15:00:00,8,5,8,175,11,355,18,10,7,355,14,50
2021-02-12 16:00:00,8,20,9,165,11,5,19,15,8,10,15,45
2021-02-12 17:00:00,10,35,11,160,9,15,20,20,7,25,17,25
2021-02-12 18:00:00,11,50,12,170,8,35,22,30,6,50,19,20
2021-02-12 19:00:00,9,50,12,190,9,25,22,35,5,80,17,20
2021-02-12 20:00:00,8,60,13,205,10,15,22,35,6,90,19,25
2021-02-12 21:00:00,10,70,13,215,10,10,21,40,7,100,19,25
2021-02-12 22:00:00,12,80,12,210,8,10,21,45,7,100,18,30
2021-02-12 23:00:00,13,80,14,200,8,5,20,50,6,100,18,35
2021-02-13 00:00:00,13,85,15,190,7,350,19,50,5,100,18,40
2021-02-13 01:00:00,13,100,26,185,9,335,18,60,6,175,20,40
2021-02-13 02:00:00,11,105,28,190,10,325,16,60,9,165,21,40
2021-02-13 03:00:00,9,110,30,190,13,340,15,65,8,165,22,45
2021-02-13 04:00:00,8,110,30,190,15,350,16,75,8,155,23,50
2021-02-13 05:00:00,9,110,27,190,14,355,16,85,7,150,23,50
2021-02-13 06:00:00,11,110,26,185,12,5,16,85,6,150,23,50
2021-02-13 07:00:00,6,115,26,190,12,15,11,75,6,160,25,50
2021-02-13 08:00:00,6,115,25,190,12,25,10,70,7,160,24,50
2021-02-13 09:00:00,7,115,24,190,10,35,10,70,8,155,24,50
2021-02-13 10:00:00,7,130,23,190,9,45,10,65,8,155,24,50
2021-02-13 11:00:00,6,140,21,195,8,40,10,60,7,150,21,50
2021-02-13 12:00:00,4,150,16,195,7,25,9,60,7,155,17,45
2021-02-13 13:00:00,4,155,13,200,2,25,10,50,7,170,15,45
2021-02-13 14:00:00,3,160,10,200,2,25,11,35,5,175,14,50
2021-02-13 15:00:00,2,145,9,185,4,360,13,25,3,195,13,50
2021-02-13 16:00:00,2,115,10,175,5,355,12,15,3,205,13,50
2021-02-13 17:00:00,4,95,12,165,4,360,14,25,2,200,13,40
2021-02-13 18:00:00,7,100,15,165,4,355,16,35,3,175,14,25
2021-02-13 19:00:00,9,105,18,185,13,345,15,45,7,135,13,0
2021-02-13 20:00:00,10,110,18,185,11,355,15,50,10,115,12,355
2021-02-13 21:00:00,10,105,16,195,9,5,15,50,11,110,11,350
2021-02-13 22:00:00,9,95,17,190,9,25,13,45,10,120,9,350
2021-02-13 23:00:00,9,100,23,185,8,30,12,45,10,130,8,350
2021-02-14 00:00:00,10,100,26,185,5,15,11,55,9,130,8,355
2021-02-14 01:00:00,12,120,30,190,7,25,10,80,13,145,8,5
2021-02-14 02:00:00,13,115,28,195,6,25,10,90,13,150,8,5
2021-02-14 03:00:00,12,120,23,200,6,15,11,95,12,155,8,5
2021-02-14 04:00:00,11,125,18,200,6,340,11,95,10,155,8,15
2021-02-14 05:00:00,11,130,15,200,6,345,11,95,8,160,8,20
2021-02-14 06:00:00,12,135,15,195,5,335,11,95,8,165,9,20
2021-02-14 07:00:00,14,135,21,190,10,350,9,100,8,180,11,5
2021-02-14 08:00:00,13,140,23,190,9,350,9,95,8,175,12,10
2021-02-14 09:00:00,11,150,25,185,7,360,8,90,8,170,13,15
2021-02-14 10:00:00,8,155,26,185,6,360,7,85,8,170,15,20
2021-02-14 11:00:00,6,155,23,185,5,350,6,70,7,160,16,25
2021-02-14 12:00:00,4,140,17,185,3,15,6,65,6,155,16,25
2021-02-14 13:00:00,8,140,13,190,5,345,6,80,7,165,18,35
2021-02-14 14:00:00,7,140,12,185,5,350,7,60,5,170,16,35
2021-02-14 15:00:00,8,130,12,185,5,350,9,55,4,190,15,35
2021-02-14 16:00:00,10,125,12,185,5,345,11,40,4,195,15,25
2021-02-14 17:00:00,13,120,13,180,3,0,15,35,5,195,16,15
2021-02-14 18:00:00,13,95,14,180,3,40,16,40,6,195,18,5
2021-02-14 19:00:00,12,75,18,195,9,40,16,55,5,150,19,5
2021-02-14 20:00:00,11,85,16,190,11,60,17,55,8,125,18,5
2021-02-14 21:00:00,14,85,16,175,11,65,17,50,9,105,18,5
2021-02-14 22:00:00,16,85,20,175,11,70,13,50,11,95,17,10
2021-02-14 23:00:00,17,85,22,175,9,75,10,55,14,95,17,15
2021-02-15 00:00:00,20,90,26,170,8,85,10,75,15,100,17,30
2021-02-15 01:00:00,21,110,31,180,9,95,9,110,14,110,15,30
2021-02-15 02:00:00,16,115,29,180,6,90,8,105,14,110,14,30
2021-02-15 03:00:00,12,115,26,185,2,35,7,105,13,105,12,30
2021-02-15 04:00:00,11,120,24,185,5,290,8,115,12,105,12,35
2021-02-15 05:00:00,11,125,24,185,6,270,9,115,12,115,13,30
2021-02-15 06:00:00,13,130,25,185,7,260,9,110,14,130,14,30
2021-02-15 07:00:00,15,145,35,185,8,245,10,110,15,160,13,25
2021-02-15 08:00:00,17,150,39,185,7,235,11,110,15,170,13,35
2021-02-15 09:00:00,16,150,40,180,6,230,12,100,15,175,14,45
2021-02-15 10:00:00,15,150,39,180,6,220,14,100,16,175,16,50
2021-02-15 11:00:00,14,150,32,185,6,210,13,100,16,175,17,65
2021-02-15 12:00:00,13,150,22,190,8,195,12,95,16,175,16,65
2021-02-15 13:00:00,9,150,19,200,6,265,10,80,10,190,14,50
2021-02-15 14:00:00,8,150,16,200,5,270,10,85,7,205,13,55
2021-02-15 15:00:00,8,145,14,195,5,265,10,85,6,215,13,55
2021-02-15 16:00:00,8,130,14,195,4,260,12,70,6,215,13,60
2021-02-15 17:00:00,11,120,16,195,4,245,15,55,6,205,14,55
2021-02-15 18:00:00,11,95,18,215,5,225,14,50,6,185,15,50
2021-02-15 19:00:00,5,80,21,205,7,250,13,60,9,135,12,30
2021-02-15 20:00:00,5,55,18,215,7,240,13,60,9,120,13,30
2021-02-15 21:00:00,7,60,13,225,7,215,14,60,11,110,13,35
2021-02-15 22:00:00,9,70,10,210,7,210,13,55,9,105,14,35
2021-02-15 23:00:00,10,80,10,195,9,215,12,55,8,115,15,40
2021-02-16 00:00:00,11,95,11,195,11,220,11,65,9,130,17,40
2021-02-16 01:00:00,10,105,13,195,14,230,10,85,12,130,18,40
2021-02-16 02:00:00,9,115,12,210,16,235,10,90,11,140,18,50
2021-02-16 03:00:00,9,135,11,215,15,235,10,95,10,150,19,60
2021-02-16 04:00:00,10,150,10,210,11,230,10,110,10,160,20,70
2021-02-16 05:00:00,12,160,9,200,8,210,11,115,11,165,21,75
2021-02-16 06:00:00,13,160,9,190,8,175,14,120,13,170,21,75
2021-02-16 07:00:00,13,150,9,175,9,160,14,125,12,165,21,75
2021-02-16 08:00:00,14,145,10,170,11,155,15,130,12,160,21,75
2021-02-16 09:00:00,13,150,11,175,13,155,14,130,12,160,21,80
2021-02-16 10:00:00,13,150,12,175,13,165,14,135,11,155,20,80
2021-02-16 11:00:00,14,155,13,180,12,170,14,130,11,160,18,90
2021-02-16 12:00:00,13,160,14,185,10,175,13,135,12,165,14,90
2021-02-16 13:00:00,14,160,14,195,4,185,12,140,12,175,12,90
2021-02-16 14:00:00,13,160,11,190,2,195,10,135,11,175,10,85
2021-02-16 15:00:00,12,155,9,175,2,230,9,130,11,180,8,85
2021-02-16 16:00:00,10,140,10,160,2,245,9,100,9,190,7,80
2021-02-16 17:00:00,9,125,12,155,1,265,13,70,8,190,6,80
2021-02-16 18:00:00,9,90,14,150,0,330,17,65,7,155,7,75
2021-02-16 19:00:00,10,90,14,170,4,285,20,70,10,175,11,60
2021-02-16 20:00:00,13,95,13,180,1,20,22,70,8,165,11,65
2021-02-16 21:00:00,17,90,12,175,6,85,24,65,7,115,12,65
2021-02-16 22:00:00,18,90,11,175,12,100,25,60,10,90,13,60
2021-02-16 23:00:00,19,85,13,165,14,105,26,60,13,80,16,60
2021-02-17 00:00:00,19,90,16,170,13,105,26,65,14,70,20,55
2021-02-17 01:00:00,20,110,22,175,14,105,23,75,16,80,20,65
2021-02-17 02:00:00,20,110,24,175,12,110,24,75,18,80,23,70
2021-02-17 03:00:00,20,100,23,180,14,95,24,75,20,85,26,75
2021-02-17 04:00:00,21,90,22,185,14,85,25,75,20,85,28,90
2021-02-17 05:00:00,21,90,21,185,14,80,25,75,21,80,29,95
2021-02-17 06:00:00,20,85,20,180,15,85,25,80,23,80,30,95
2021-02-17 07:00:00,24,95,21,170,18,95,30,80,26,90,31,90
2021-02-17 08:00:00,27,95,19,170,21,100,35,80,29,95,33,90
2021-02-17 09:00:00,29,95,18,155,23,105,36,80,31,95,37,90
2021-02-17 10:00:00,31,95,22,150,26,110,35,80,30,95,41,90
2021-02-17 11:00:00,30,95,22,155,29,100,30,85,24,85,36,95
2021-02-17 12:00:00,25,95,17,155,33,95,29,85,22,90,32,95
2021-02-17 13:00:00,29,90,14,160,32,90,29,75,21,85,25,100
2021-02-17 14:00:00,26,90,12,160,29,90,30,65,20,85,23,105
2021-02-17 15:00:00,23,85,12,150,26,90,29,60,21,85,24,100
2021-02-17 16:00:00,22,80,16,145,26,85,28,60,22,85,25,100
2021-02-17 17:00:00,25,75,19,140,27,85,31,55,22,90,32,105
2021-02-17 18:00:00,24,75,24,135,28,85,35,60,24,85,36,100
2021-02-17 19:00:00,29,80,19,135,27,75,35,60,27,85,34,95
2021-02-17 20:00:00,35,85,18,140,30,80,38,65,26,95,36,95
2021-02-17 21:00:00,36,75,23,140,25,80,42,70,29,95,38,95
2021-02-17 22:00:00,35,75,29,150,22,75,44,65,35,90,41,95
2021-02-17 23:00:00,32,80,31,150,22,70,44,65,36,90,44,95
2021-02-18 00:00:00,35,80,31,155,22,65,46,65,34,90,46,95
2021-02-18 01:00:00,44,80,30,155,23,45,46,70,32,90,48,90
2021-02-18 02:00:00,45,80,29,150,25,50,45,70,29,85,48,95
2021-02-18 03:00:00,46,85,27,145,28,55,43,70,33,80,49,95
2021-02-18 04:00:00,43,85,24,160,31,55,40,75,36,80,49,95
2021-02-18 05:00:00,42,85,24,160,35,65,37,80,38,80,51,95
2021-02-18 06:00:00,40,85,25,150,35,75,34,80,40,80,53,95
2021-02-18 07:00:00,36,80,25,165,29,80,33,75,37,80,51,85
2021-02-18 08:00:00,33,80,23,165,33,85,31,80,35,85,55,85
2021-02-18 09:00:00,31,75,20,160,33,85,32,85,34,90,56,85
2021-02-18 10:00:00,30,80,18,155,35,85,32,85,38,85,55,95
2021-02-18 11:00:00,30,90,20,150,38,85,31,80,35,85,49,100
2021-02-18 12:00:00,31,90,20,145,38,80,29,80,32,85,44,100
2021-02-18 13:00:00,28,85,16,150,34,75,26,65,27,80,39,110
2021-02-18 14:00:00,26,75,15,150,34,75,27,50,28,75,36,105
2021-02-18 15:00:00,25,65,15,145,35,75,28,45,30,75,36,100
2021-02-18 16:00:00,24,55,14,140,36,75,29,45,31,70,35,100
2021-02-18 17:00:00,24,55,15,135,36,70,31,50,33,70,39,95
2021-02-18 18:00:00,26,55,15,135,38,70,33,55,37,70,40,95
2021-02-18 19:00:00,31,65,16,140,37,50,36,60,40,70,36,90
2021-02-18 20:00:00,34,65,17,135,39,45,37,60,41,65,39,85
2021-02-18 21:00:00,36,65,20,145,39,55,39,55,40,75,44,80
2021-02-18 22:00:00,39,70,20,145,40,65,38,60,37,75,49,75
2021-02-18 23:00:00,37,75,18,160,42,65,40,65,35,75,51,75
2021-02-19 00:00:00,33,80,16,150,43,70,41,65,34,75,54,75
2021-02-19 01:00:00,26,95,16,150,35,75,29,70,36,75,60,75
2021-02-19 02:00:00,22,95,17,145,38,80,27,75,35,80,60,75
2021-02-19 03:00:00,18,90,18,135,45,85,27,80,31,85,61,75
2021-02-19 04:00:00,17,90,19,130,47,90,30,85,27,95,61,80
2021-02-19 05:00:00,17,95,19,125,48,90,31,80,24,100,59,80
2021-02-19 06:00:00,19,95,16,120,47,90,31,85,22,110,60,75
2021-02-19 07:00:00,24,90,13,140,30,110,39,90,20,120,63,70
2021-02-19 08:00:00,25,90,14,130,31,105,40,95,19,115,65,70
2021-02-19 09:00:00,24,90,15,125,33,95,38,100,19,110,65,70
2021-02-19 10:00:00,22,90,16,125,36,95,33,95,18,100,57,75
2021-02-19 11:00:00,24,85,14,130,35,85,35,85,16,85,49,80
2021-02-19 12:00:00,25,80,13,140,30,75,35,80,17,80,43,80
2021-02-19 13:00:00,24,70,10,130,24,70,31,65,20,75,41,90
2021-02-19 14:00:00,24,65,11,135,23,70,29,55,21,70,39,90
2021-02-19 15:00:00,24,60,12,135,23,70,30,50,23,70,36,95
2021-02-19 16:00:00,23,55,10,130,23,65,30,55,24,65,37,95
2021-02-19 17:00:00,24,55,8,135,24,60,28,60,27,65,39,95
2021-02-19 18:00:00,25,55,9,130,26,60,31,60,29,65,39,90
2021-02-19 19:00:00,26,55,8,90,28,60,32,55,31,65,43,85
2021-02-19 20:00:00,28,60,9,75,28,60,35,55,32,70,44,80
2021-02-19 21:00:00,29,70,8,80,26,50,38,60,30,70,44,85
2021-02-19 22:00:00,32,80,7,85,22,45,39,60,24,65,43,90
2021-02-19 23:00:00,31,80,9,110,21,35,38,65,17,50,43,95
2021-02-20 00:00:00,27,85,11,130,22,45,33,65,17,45,46,95
2021-02-20 01:00:00,20,80,13,130,31,50,26,80,18,55,51,95
2021-02-20 02:00:00,16,70,11,130,29,50,24,85,16,65,54,90
2021-02-20 03:00:00,12,60,9,130,28,50,23,90,14,80,54,85
2021-02-20 04:00:00,11,55,9,125,28,55,23,90,14,90,53,80
2021-02-20 05:00:00,8,60,9,130,27,55,24,85,15,90,52,85
2021-02-20 06:00:00,7,70,11,130,26,55,24,80,15,90,52,80
2021-02-20 07:00:00,11,105,12,120,24,55,23,90,17,110,51,85
2021-02-20 08:00:00,11,100,14,125,24,50,21,85,14,120,50,80
2021-02-20 09:00:00,8,90,15,135,24,50,19,85,12,110,51,80
2021-02-20 10:00:00,10,75,13,135,25,55,17,85,12,100,45,80
2021-02-20 11:00:00,12,65,9,130,25,65,16,85,12,95,39,80
2021-02-20 12:00:00,13,65,6,125,22,60,16,75,10,90,34,85
2021-02-20 13:00:00,12,60,6,75,17,55,14,60,11,90,29,90
2021-02-20 14:00:00,16,55,6,85,15,55,17,50,13,80,28,95
2021-02-20 15:00:00,18,60,7,100,15,55,18,45,14,75,28,95
2021-02-20 16:00:00,19,65,5,100,15,50,18,45,16,75,30,105
2021-02-20 17:00:00,19,65,6,105,14,55,20,50,17,80,31,105
2021-02-20 18:00:00,22,75,6,130,14,70,23,60,18,100,31,105
2021-02-20 19:00:00,19,65,10,135,13,65,25,60,11,105,29,100
2021-02-20 20:00:00,18,65,9,135,13,70,26,60,10,110,30,100
2021-02-20 21:00:00,18,75,8,135,12,80,26,65,10,120,34,95
2021-02-20 22:00:00,19,75,8,140,11,95,26,70,10,125,36,95
2021-02-20 23:00:00,19,85,11,160,11,100,30,80,9,130,36,95
2021-02-21 00:00:00,21,90,13,165,7,115,33,85,7,125,38,90
2021-02-21 01:00:00,22,100,14,160,1,35,32,100,8,105,40,90
2021-02-21 02:00:00,21,95,14,160,2,330,31,100,7,95,43,85
2021-02-21 03:00:00,20,95,12,170,5,355,30,100,7,80,43,80
2021-02-21 04:00:00,18,95,11,180,7,5,30,100,7,75,45,85
2021-02-21 05:00:00,18,100,10,185,6,15,28,95,8,65,45,85
2021-02-21 06:00:00,19,100,10,185,6,20,25,95,7,60,44,90
2021-02-21 07:00:00,14,95,11,185,7,85,22,90,6,25,42,105
2021-02-21 08:00:00,14,85,12,185,7,90,22,90,8,35,40,105
2021-02-21 09:00:00,15,90,14,185,5,85,21,85,11,45,40,100
2021-02-21 10:00:00,14,90,12,185,5,80,18,80,11,55,37,100
2021-02-21 11:00:00,12,80,9,195,5,95,15,75,10,65,34,105
2021-02-21 12:00:00,11,75,7,195,3,70,13,75,6,70,30,105
2021-02-21 13:00:00,8,95,4,215,3,10,11,70,2,85,23,110
2021-02-21 14:00:00,7,85,4,205,3,345,13,60,1,330,21,115
2021-02-21 15:00:00,7,80,5,185,3,345,17,50,1,275,22,115
2021-02-21 16:00:00,9,75,5,175,4,350,17,40,2,295,21,120
2021-02-21 17:00:00,11,70,6,155,5,5,20,40,3,320,18,120
2021-02-21 18:00:00,12,65,9,145,5,15,24,40,5,340,15,125
2021-02-21 19:00:00,9,70,6,170,11,15,22,40,5,340,14,100
2021-02-21 20:00:00,10,60,7,170,10,15,24,45,4,5,16,100
2021-02-21 21:00:00,12,60,7,190,10,10,25,45,5,30,17,100
2021-02-21 22:00:00,15,55,6,200,11,5,25,45,6,50,20,100
2021-02-21 23:00:00,18,60,6,185,12,5,25,45,7,75,23,100
2021-02-22 00:00:00,19,65,9,190,10,0,24,50,8,75,25,100
2021-02-22 01:00:00,18,65,3,180,10,360,23,50,9,75,28,95
2021-02-22 02:00:00,16,65,2,85,11,355,25,50,8,70,31,95
2021-02-22 03:00:00,15,65,3,110,13,355,25,55,8,75,35,95
2021-02-22 04:00:00,14,70,4,145,8,360,25,65,9,80,37,90
2021-02-22 05:00:00,14,75,5,180,7,5,25,65,11,85,37,90
2021-02-22 06:00:00,14,80,6,185,9,20,25,70,11,85,37,85
2021-02-22 07:00:00,15,70,5,105,14,50,24,65,15,60,35,85
2021-02-22 08:00:00,15,65,4,120,13,45,23,60,16,55,34,90
2021-02-22 09:00:00,15,60,3,125,14,40,21,60,16,50,34,90
2021-02-22 10:00:00,16,60,4,125,15,40,19,60,16,55,34,90
2021-02-22 11:00:00,17,60,4,130,13,35,18,70,18,60,29,95
2021-02-22 12:00:00,13,60,2,110,6,20,16,65,9,60,22,95
2021-02-22 13:00:00,7,50,3,5,7,5,13,60,4,45,15,100
2021-02-22 14:00:00,8,40,2,345,6,10,15,55,5,50,14,100
2021-02-22 15:00:00,7,55,2,250,6,15,16,45,5,35,15,110
2021-02-22 16:00:00,8,65,2,210,4,30,18,35,4,30,13,115
2021-02-22 17:00:00,10,50,1,135,3,55,19,35,3,30,9,125
2021-02-22 18:00:00,15,40,6,115,3,65,20,40,2,350,5,140
2021-02-22 19:00:00,17,55,8,155,9,40,20,50,5,60,6,90
2021-02-22 20:00:00,17,60,7,175,11,45,20,50,6,50,4,60
2021-02-22 21:00:00,16,70,8,200,11,40,19,50,9,55,6,45
2021-02-22 22:00:00,17,70,8,210,11,50,18,55,11,45,9,50
2021-02-22 23:00:00,18,70,9,220,11,60,17,65,12,45,12,50
2021-02-23 00:00:00,16,65,11,220,9,70,17,70,11,55,16,55
2021-02-23 01:00:00,11,60,19,215,6,95,13,70,11,60,14,70
2021-02-23 02:00:00,9,55,18,210,6,95,13,70,12,80,16,80
2021-02-23 03:00:00,9,45,17,205,7,100,15,75,14,85,19,85
2021-02-23 04:00:00,10,45,15,210,7,120,15,75,14,85,22,85
2021-02-23 05:00:00,11,55,14,225,9,125,16,75,13,85,24,90
2021-02-23 06:00:00,14,75,12,240,10,140,17,75,15,85,25,95
2021-02-23 07:00:00,16,75,8,240,9,130,19,70,17,80,20,90
2021-02-23 08:00:00,15,75,7,250,9,125,20,75,17,80,21,90
2021-02-23 09:00:00,14,85,6,240,9,115,21,80,16,85,22,90
2021-02-23 10:00:00,15,90,5,225,9,115,21,85,16,90,23,85
2021-02-23 11:00:00,16,95,5,210,8,120,20,85,15,90,23,90
2021-02-23 12:00:00,13,105,4,190,7,125,16,90,9,125,19,95
2021-02-23 13:00:00,13,110,5,195,5,115,15,85,7,145,12,95
2021-02-23 14:00:00,11,110,6,185,5,90,14,85,5,160,9,85
2021-02-23 15:00:00,9,115,8,195,5,65,13,80,3,190,8,85
2021-02-23 16:00:00,11,110,12,215,5,55,13,70,3,205,8,75
2021-02-23 17:00:00,12,95,9,205,5,70,13,65,3,205,5,70
2021-02-23 18:00:00,16,75,9,185,5,95,16,65,4,210,6,50
2021-02-23 19:00:00,15,95,15,195,3,140,15,80,2,125,4,355
2021-02-23 20:00:00,15,95,18,210,3,135,13,70,6,75,4,360
2021-02-23 21:00:00,15,100,19,210,3,125,13,60,7,75,3,25
2021-02-23 22:00:00,16,100,20,225,4,95,13,45,9,70,4,45
2021-02-23 23:00:00,15,100,15,240,5,100,14,45,11,80,6,45
2021-02-24 00:00:00,14,100,16,245,5,105,14,50,10,85,10,40
2021-02-24 01:00:00,11,110,21,235,9,110,13,65,9,100,6,60
2021-02-24 02:00:00,9,110,21,245,8,120,13,70,9,105,7,90
2021-02-24 03:00:00,8,120,21,255,7,135,13,70,10,100,8,105
2021-02-24 04:00:00,8,135,20,260,6,175,13,75,10,105,11,110
2021-02-24 05:00:00,11,140,20,260,7,170,14,95,10,110,14,115
2021-02-24 06:00:00,11,145,19,260,8,165,15,105,11,120,18,120
2021-02-24 07:00:00,13,145,14,255,7,155,14,115,13,130,14,130
2021-02-24 08:00:00,14,155,15,250,7,150,14,120,13,145,15,130
2021-02-24 09:00:00,14,155,14,245,6,155,14,125,14,155,14,135
2021-02-24 10:00:00,14,150,13,240,8,160,13,130,16,155,14,135
2021-02-24 11:00:00,14,150,12,230,9,180,12,135,16,160,14,145
2021-02-24 12:00:00,15,155,11,220,9,185,10,140,16,175,12,150
2021-02-24 13:00:00,12,165,14,220,7,195,7,150,12,185,9,170
2021-02-24 14:00:00,11,180,15,215,7,205,5,180,11,200,6,175
2021-02-24 15:00:00,10,195,18,205,9,210,6,210,12,205,4,180
2021-02-24 16:00:00,9,205,19,230,11,215,5,240,12,215,4,190
2021-02-24 17:00:00,6,225,24,245,11,215,3,255,11,220,5,225
2021-02-24 18:00:00,3,250,30,245,12,200,2,280,10,225,8,285
2021-02-24 19:00:00,11,180,26,245,16,205,3,215,7,220,9,280
2021-02-24 20:00:00,9,165,30,245,23,215,2,245,7,220,7,265
2021-02-24 21:00:00,8,160,33,245,29,220,1,240,8,245,5,265
2021-02-24 22:00:00,9,150,37,260,31,215,3,180,9,245,3,340
2021-02-24 23:00:00,12,155,39,260,26,225,4,190,9,230,2,320
2021-02-25 00:00:00,13,170,38,265,24,230,6,185,11,220,2,250
2021-02-25 01:00:00,13,200,31,270,15,210,10,205,16,215,2,240
2021-02-25 02:00:00,17,215,31,265,12,205,13,210,20,215,3,220
2021-02-25 03:00:00,20,230,31,265,12,215,16,220,24,220,3,215
2021-02-25 04:00:00,19,245,28,265,13,220,17,230,25,225,3,235
2021-02-25 05:00:00,19,255,25,265,12,220,18,240,23,230,3,265
2021-02-25 06:00:00,19,265,23,260,13,220,18,240,24,230,3,275
2021-02-25 07:00:00,17,275,25,275,16,250,21,240,21,235,5,270
2021-02-25 08:00:00,19,275,23,265,16,250,21,245,20,235,7,275
2021-02-25 09:00:00,20,280,26,265,16,255,21,250,20,245,8,290
2021-02-25 10:00:00,20,280,25,260,16,255,21,260,19,255,8,290
2021-02-25 11:00:00,18,280,20,255,16,255,20,265,18,260,9,290
2021-02-25 12:00:00,16,275,16,255,15,250,18,265,16,250,11,290
2021-02-25 13:00:00,17,275,12,255,18,260,16,265,16,245,4,305
2021-02-25 14:00:00,17,280,14,250,18,260,17,265,15,250,5,290
2021-02-25 15:00:00,18,295,16,250,19,255,17,270,16,260,6,290
2021-02-25 16:00:00,17,300,20,265,20,250,19,275,16,260,8,305
2021-02-25 17:00:00,15,300,25,270,22,245,20,280,16,265,11,315
2021-02-25 18:00:00,15,305,29,270,27,235,19,295,15,255,15,330
2021-02-25 19:00:00,13,300,22,265,19,230,21,290,14,255,12,325
2021-02-25 20:00:00,7,305,22,265,21,225,19,290,18,270,8,330
2021-02-25 21:00:00,6,280,29,265,23,235,16,280,21,270,2,335
2021-02-25 22:00:00,8,240,37,270,23,240,14,270,18,240,1,145
2021-02-25 23:00:00,14,235,35,275,24,250,13,260,19,225,2,180
2021-02-26 00:00:00,14,235,33,280,21,255,10,245,24,230,3,215
2021-02-26 01:00:00,13,240,22,285,25,250,8,245,24,245,9,245
2021-02-26 02:00:00,14,240,20,280,24,250,9,240,21,245,11,245
2021-02-26 03:00:00,14,235,18,275,24,255,10,240,19,245,13,250
2021-02-26 04:00:00,15,235,16,270,22,260,11,240,19,240,15,250
2021-02-26 05:00:00,15,230,15,270,20,270,11,235,19,235,15,245
2021-02-26 06:00:00,14,225,14,275,17,270,11,235,19,225,14,240
2021-02-26 07:00:00,7,245,17,300,9,315,7,250,11,220,14,270
2021-02-26 08:00:00,7,225,15,300,6,325,6,240,11,220,12,265
2021-02-26 09:00:00,8,210,13,295,4,315,6,235,12,210,12,265
2021-02-26 10:00:00,8,205,12,290,3,300,5,230,12,205,13,265
2021-02-26 11:00:00,8,200,11,285,4,255,4,225,13,205,15,270
2021-02-26 12:00:00,8,200,9,270,6,240,2,215,15,205,15,270
2021-02-26 13:00:00,10,210,7,260,10,260,2,160,14,215,13,280
2021-02-26 14:00:00,9,220,6,240,11,265,3,155,12,220,11,285
2021-02-26 15:00:00,9,230,8,225,13,255,4,160,12,225,9,285
2021-02-26 16:00:00,9,235,8,225,15,250,4,175,11,235,7,290
2021-02-26 17:00:00,8,235,9,245,16,240,6,190,11,245,7,290
2021-02-26 18:00:00,7,250,13,275,17,220,7,210,7,255,6,295
2021-02-26 19:00:00,5,300,28,285,16,205,2,240,5,195,6,275
2021-02-26 20:00:00,3,305,27,290,16,200,1,210,5,195,3,270
2021-02-26 21:00:00,7,105,22,290,20,215,3,190,3,220,1,215
2021-02-26 22:00:00,14,125,22,280,27,225,4,190,1,325,2,250
2021-02-26 23:00:00,15,150,32,260,31,250,6,180,8,180,3,260
2021-02-27 00:00:00,15,170,29,275,27,250,8,150,11,180,5,265
2021-02-27 01:00:00,12,185,27,290,21,245,5,160,15,190,9,265
2021-02-27 02:00:00,13,190,25,295,17,245,6,170,16,195,9,260
2021-02-27 03:00:00,13,200,21,305,14,255,7,170,16,195,9,250
2021-02-27 04:00:00,14,205,18,310,11,260,8,165,17,195,10,240
2021-02-27 05:00:00,15,205,16,315,10,245,10,170,18,195,10,230
2021-02-27 06:00:00,16,200,14,320,10,225,12,170,18,195,9,225
2021-02-27 07:00:00,11,195,17,330,14,280,8,140,13,220,6,240
2021-02-27 08:00:00,13,175,14,335,11,280,11,130,13,210,4,230
2021-02-27 09:00:00,14,165,11,335,9,280,13,130,13,200,3,215
2021-02-27 10:00:00,15,160,8,335,7,280,14,135,15,195,3,210
2021-02-27 11:00:00,16,160,7,335,7,275,14,140,16,190,3,225
2021-02-27 12:00:00,16,160,3,340,5,250,14,145,17,190,3,225
2021-02-27 13:00:00,12,160,4,310,11,215,13,145,14,200,4,275
2021-02-27 14:00:00,12,165,4,210,14,220,13,145,13,205,3,290
2021-02-27 15:00:00,12,165,8,180,14,225,14,145,13,210,2,320
2021-02-27 16:00:00,13,165,14,175,14,225,14,145,13,220,3,330
2021-02-27 17:00:00,14,160,14,175,15,210,15,135,13,220,3,315
2021-02-27 18:00:00,14,150,12,195,23,205,16,125,14,220,5,310
2021-02-27 19:00:00,12,135,14,230,23,200,16,115,12,210,4,315
2021-02-27 20:00:00,12,135,15,240,23,205,15,115,8,205,4,5
2021-02-27 21:00:00,14,130,16,255,23,205,14,115,6,200,6,30
2021-02-27 22:00:00,15,125,18,265,23,205,12,115,8,165,7,45
2021-02-27 23:00:00,16,120,26,270,25,210,12,140,13,155,6,50
2021-02-28 00:00:00,15,115,28,275,26,195,15,150,12,165,6,55
2021-02-28 01:00:00,16,150,26,275,23,200,17,150,13,175,8,55
2021-02-28 02:00:00,16,155,26,280,21,205,19,150,14,180,9,70
2021-02-28 03:00:00,18,165,24,280,22,215,23,145,14,180,10,80
2021-02-28 04:00:00,20,165,22,280,23,225,26,145,16,180,10,90
2021-02-28 05:00:00,22,165,17,270,22,225,28,145,19,180,11,100
2021-02-28 06:00:00,24,160,13,265,19,225,29,140,22,175,13,105
2021-02-28 07:00:00,22,160,11,280,17,215,25,140,19,175,13,105
2021-02-28 08:00:00,24,160,8,270,19,200,27,145,21,170,15,105
2021-02-28 09:00:00,26,155,7,240,22,200,29,145,24,170,16,110
2021-02-28 10:00:00,28,160,8,230,23,205,31,145,27,170,17,120
2021-02-28 11:00:00,28,160,11,205,21,205,31,145,26,170,16,125
2021-02-28 12:00:00,25,165,16,190,18,205,28,150,24,175,11,130
2021-02-28 13:00:00,22,170,14,185,21,210,24,150,20,185,10,150
2021-02-28 14:00:00,21,165,17,185,21,210,23,150,19,185,7,140
2021-02-28 15:00:00,23,165,17,195,21,210,25,145,20,190,8,125
2021-02-28 16:00:00,23,165,17,195,22,205,26,150,20,195,8,150
2021-02-28 17:00:00,21,170,16,185,22,205,28,150,20,200,10,190
2021-02-28 18:00:00,22,160,20,175,23,205,27,155,21,205,14,205
2021-02-28 19:00:00,21,165,26,225,25,200,26,160,15,190,10,195
2021-02-28 20:00:00,23,165,30,255,23,215,26,160,17,185,6,180
2021-02-28 21:00:00,25,160,27,255,27,220,24,160,19,185,5,140
2021-02-28 22:00:00,29,155,24,260,25,225,21,160,20,185,8,125
2021-02-28 23:00:00,29,150,21,250,25,190,19,155,21,185,8,120
2021-03-01 00:00:00,28,150,20,245,25,185,19,150,24,180,9,125
2021-03-01 01:00:00,25,165,22,245,27,185,16,155,20,180,8,105
2021-03-01 02:00:00,27,165,21,250,26,195,17,155,22,175,10,100
2021-03-01 03:00:00,28,165,20,260,23,210,18,150,24,175,12,95
2021-03-01 04:00:00,27,165,19,260,21,220,19,145,26,175,15,95
2021-03-01 05:00:00,26,165,17,260,20,215,19,145,29,175,19,100
2021-03-01 06:00:00,26,160,15,255,20,215,18,140,30,175,21,100
2021-03-01 07:00:00,21,160,7,290,16,220,15,130,22,175,16,100
2021-03-01 08:00:00,21,160,5,290,14,215,15,125,22,165,17,100
2021-03-01 09:00:00,19,155,4,280,14,205,14,120,21,165,16,100
2021-03-01 10:00:00,17,150,3,240,14,200,15,110,19,160,15,105
2021-03-01 11:00:00,15,150,6,190,10,210,15,115,17,160,14,105
2021-03-01 12:00:00,13,150,11,180,9,210,14,125,13,170,10,105
2021-03-01 13:00:00,10,155,12,180,9,210,14,120,11,185,8,110
2021-03-01 14:00:00,10,150,13,185,10,215,13,125,11,185,7,95
2021-03-01 15:00:00,10,140,12,185,10,215,12,130,11,190,7,80
2021-03-01 16:00:00,11,130,12,180,10,210,11,125,10,195,7,85
2021-03-01 17:00:00,10,120,13,175,11,205,12,115,8,200,5,100
2021-03-01 18:00:00,10,100,15,170,12,200,13,105,8,195,3,75
2021-03-01 19:00:00,10,120,17,210,8,155,12,110,4,185,8,60
2021-03-01 20:00:00,8,125,18,230,9,150,12,95,1,345,6,55
2021-03-01 21:00:00,8,105,17,250,14,165,13,85,6,20,8,65
2021-03-01 22:00:00,9,90,14,255,14,175,14,80,8,40,10,65
2021-03-01 23:00:00,11,80,13,255,14,180,15,80,9,45,13,75
2021-03-02 00:00:00,10,85,14,250,14,175,16,75,11,55,15,80
2021-03-02 01:00:00,9,95,19,240,18,175,16,80,11,65,18,75
2021-03-02 02:00:00,10,95,17,230,20,165,16,90,10,80,20,80
2021-03-02 03:00:00,12,90,14,215,19,155,16,95,12,95,21,80
2021-03-02 04:00:00,13,85,11,215,18,150,16,100,13,100,23,80
2021-03-02 05:00:00,13,90,11,230,17,140,16,110,14,120,25,85
2021-03-02 06:00:00,15,95,11,245,16,135,18,115,16,105,26,85
2021-03-02 07:00:00,17,100,11,260,17,120,22,110,22,110,21,90
2021-03-02 08:00:00,19,100,12,270,18,125,24,115,26,110,21,90
2021-03-02 09:00:00,20,105,11,265,16,135,25,115,29,120,23,90
2021-03-02 10:00:00,23,115,9,245,16,140,24,115,29,125,24,95
2021-03-02 11:00:00,23,125,12,210,15,130,23,115,28,130,23,100
2021-03-02 12:00:00,20,125,18,195,15,125,21,120,24,135,21,100
2021-03-02 13:00:00,19,130,17,195,14,120,20,115,16,140,18,110
2021-03-02 14:00:00,19,130,18,195,13,130,20,115,12,160,17,115
2021-03-02 15:00:00,18,130,19,195,13,150,19,120,12,180,18,125
2021-03-02 16:00:00,16,130,19,195,17,145,18,110,13,185,18,130
2021-03-02 17:00:00,16,120,19,190,17,140,19,95,14,185,17,135
2021-03-02 18:00:00,16,110,20,190,15,140,22,90,14,180,14,135
2021-03-02 19:00:00,16,120,21,200,14,130,21,95,12,150,13,115
2021-03-02 20:00:00,14,125,22,220,14,145,24,90,9,145,15,110
2021-03-02 21:00:00,13,125,24,220,19,150,27,90,6,145,19,110
2021-03-02 22:00:00,12,125,21,210,17,165,30,90,6,135,22,115
2021-03-02 23:00:00,12,120,20,230,17,180,30,90,4,110,24,110
2021-03-03 00:00:00,12,115,19,240,20,195,30,95,4,95,24,110
2021-03-03 01:00:00,13,125,16,235,20,190,30,105,3,140,27,110
2021-03-03 02:00:00,14,120,13,240,17,200,28,110,3,130,28,115
2021-03-03 03:00:00,16,115,11,250,15,205,26,110,5,105,30,115
2021-03-03 04:00:00,18,115,11,255,11,205,26,115,7,115,32,115
2021-03-03 05:00:00,19,115,11,260,6,215,26,115,10,120,35,115
2021-03-03 06:00:00,21,120,10,260,4,195,26,120,14,125,39,115
2021-03-03 07:00:00,27,125,8,260,9,190,29,125,18,130,38,110
2021-03-03 08:00:00,28,125,6,250,10,180,28,125,20,125,41,110
2021-03-03 09:00:00,25,130,5,220,11,175,26,125,19,120,43,110
2021-03-03 10:00:00,21,135,7,195,13,170,24,125,15,120,42,110
2021-03-03 11:00:00,17,135,9,180,16,170,21,130,14,135,36,115
2021-03-03 12:00:00,14,140,12,190,15,160,20,130,13,140,30,120
2021-03-03 13:00:00,16,145,15,210,13,195,20,140,12,155,26,125
2021-03-03 14:00:00,15,150,15,210,12,190,20,145,11,165,22,130
2021-03-03 15:00:00,15,155,14,210,10,185,19,145,11,170,19,135
2021-03-03 16:00:00,16,165,14,200,8,185,18,140,13,175,18,145
2021-03-03 17:00:00,13,165,20,195,7,195,18,135,15,185,17,150
2021-03-03 18:00:00,12,150,24,210,9,210,17,130,13,195,14,150
2021-03-03 19:00:00,21,170,26,220,17,195,21,145,19,180,15,140
2021-03-03 20:00:00,21,165,26,240,18,200,20,135,16,160,16,140
2021-03-03 21:00:00,18,155,25,250,17,195,19,120,19,160,14,140
2021-03-03 22:00:00,15,140,26,250,20,200,20,115,19,165,13,145
2021-03-03 23:00:00,14,130,29,250,15,200,21,110,19,160,12,155
2021-03-04 00:00:00,15,120,24,235,12,215,20,110,19,160,11,145
2021-03-04 01:00:00,12,145,24,240,9,215,19,140,17,185,18,130
2021-03-04 02:00:00,8,135,21,245,12,225,21,140,16,180,20,130
2021-03-04 03:00:00,6,150,18,250,14,245,21,135,14,175,21,125
2021-03-04 04:00:00,8,165,15,245,16,260,18,130,13,165,22,120
2021-03-04 05:00:00,9,160,12,240,15,250,17,120,14,150,25,115
2021-03-04 06:00:00,8,150,11,215,15,245,17,115,12,155,26,110
2021-03-04 07:00:00,11,125,17,215,9,205,22,110,9,145,29,105
2021-03-04 08:00:00,11,125,18,215,10,195,23,110,9,150,31,105
2021-03-04 09:00:00,12,130,19,220,10,195,24,105,9,135,33,105
2021-03-04 10:00:00,13,125,18,220,13,200,24,105,10,130,33,105
2021-03-04 11:00:00,13,120,15,220,17,205,24,105,9,125,30,105
2021-03-04 12:00:00,14,120,14,210,16,210,21,100,8,120,28,105
2021-03-04 13:00:00,14,115,16,220,9,210,19,100,7,140,28,110
2021-03-04 14:00:00,13,115,18,220,7,205,18,100,7,150,28,110
2021-03-04 15:00:00,11,115,21,225,8,205,17,95,7,155,28,110
2021-03-04 16:00:00,9,120,23,235,8,210,16,85,7,155,29,110
2021-03-04 17:00:00,9,115,24,235,9,220,16,80,7,155,32,115
2021-03-04 18:00:00,10,90,31,235,9,230,15,70,7,145,34,115
2021-03-04 19:00:00,11,100,29,240,8,220,15,75,10,145,34,110
2021-03-04 20:00:00,13,105,29,240,13,200,16,75,9,140,36,110
2021-03-04 21:00:00,13,95,28,245,14,190,17,75,7,135,37,110
2021-03-04 22:00:00,15,90,29,255,14,190,21,75,7,140,39,105
2021-03-04 23:00:00,18,90,32,260,15,190,24,85,7,140,40,105
2021-03-05 00:00:00,19,95,31,255,14,195,25,90,10,145,42,105
2021-03-05 01:00:00,18,110,32,260,14,230,26,105,10,150,43,105
2021-03-05 02:00:00,16,120,32,260,14,240,24,110,8,165,42,105
2021-03-05 03:00:00,17,125,31,255,13,240,24,115,7,180,43,105
2021-03-05 04:00:00,17,125,28,255,11,235,23,115,8,185,44,105
2021-03-05 05:00:00,17,120,27,250,15,220,21,115,10,170,46,105
2021-03-05 06:00:00,17,120,25,250,15,220,21,110,12,160,49,110
2021-03-05 07:00:00,13,110,29,255,15,235,15,105,9,140,47,105
2021-03-05 08:00:00,14,110,29,255,15,235,16,100,10,135,48,105
2021-03-05 09:00:00,12,110,29,255,13,240,17,95,11,130,50,105
2021-03-05 10:00:00,11,105,27,260,12,240,20,90,11,125,45,105
2021-03-05 11:00:00,10,115,21,255,11,230,20,90,10,125,39,105
2021-03-05 12:00:00,10,130,18,245,10,210,18,95,10,150,32,105
2021-03-05 13:00:00,9,140,15,255,14,220,14,100,9,165,25,105
2021-03-05 14:00:00,8,155,19,255,15,220,13,105,9,175,24,110
2021-03-05 15:00:00,9,160,24,260,16,220,13,115,10,175,25,110
2021-03-05 16:00:00,9,170,27,260,18,220,13,120,12,180,27,110
2021-03-05 17:00:00,8,175,25,265,20,220,13,120,13,190,29,115
2021-03-05 18:00:00,8,190,25,270,20,220,13,115,14,195,26,120
2021-03-05 19:00:00,13,190,25,270,20,220,13,115,6,200,17,120
2021-03-05 20:00:00,12,200,26,255,21,230,12,110,4,210,15,125
2021-03-05 21:00:00,10,205,29,265,21,240,11,100,4,215,14,125
2021-03-05 22:00:00,9,200,33,275,22,245,11,80,9,210,13,110
2021-03-05 23:00:00,9,200,36,275,20,235,15,75,12,200,14,100
2021-03-06 00:00:00,11,200,36,275,20,240,17,85,14,180,16,90
2021-03-06 01:00:00,10,220,25,275,18,240,19,75,12,200,28,85
2021-03-06 02:00:00,10,225,25,275,19,240,19,80,11,205,32,85
2021-03-06 03:00:00,9,220,24,270,17,235,20,80,12,210,34,85
2021-03-06 04:00:00,8,210,22,270,15,245,19,85,13,220,35,85
2021-03-06 05:00:00,9,200,22,270,15,245,19,85,14,220,37,90
2021-03-06 06:00:00,7,195,23,270,13,235,19,80,12,225,40,90
2021-03-06 07:00:00,7,250,23,260,16,230,16,70,13,265,37,85
2021-03-06 08:00:00,6,260,21,260,16,235,16,70,10,280,40,90
2021-03-06 09:00:00,5,270,20,255,15,235,17,70,8,295,42,90
2021-03-06 10:00:00,3,290,17,260,12,240,17,75,6,315,40,95
2021-03-06 11:00:00,2,315,16,255,9,245,16,75,4,340,31,95
2021-03-06 12:00:00,1,290,10,250,8,245,15,75,1,210,27,95
2021-03-06 13:00:00,2,145,5,240,10,225,11,70,7,195,19,100
2021-03-06 14:00:00,2,110,7,210,10,220,10,75,6,195,19,100
2021-03-06 15:00:00,4,100,10,200,11,220,10,80,6,190,20,100
2021-03-06 16:00:00,6,90,12,215,11,210,11,85,6,190,21,100
2021-03-06 17:00:00,9,75,14,230,14,200,11,75,6,190,21,105
2021-03-06 18:00:00,14,55,16,255,17,205,12,80,6,190,19,100
2021-03-06 19:00:00,10,80,14,265,15,220,17,110,11,195,14,95
2021-03-06 20:00:00,9,90,16,265,16,235,16,100,10,170,15,100
2021-03-06 21:00:00,10,90,18,255,17,235,16,90,8,150,15,105
2021-03-06 22:00:00,11,100,19,245,16,250,17,80,8,150,16,100
2021-03-06 23:00:00,11,110,21,245,14,260,18,80,7,140,18,100
2021-03-07 00:00:00,12,125,23,255,13,255,19,85,7,140,22,95
2021-03-07 01:00:00,12,130,22,270,11,215,19,85,6,165,30,95
2021-03-07 02:00:00,12,130,20,270,11,210,18,90,7,155,34,95
2021-03-07 03:00:00,12,135,17,275,12,200,18,90,8,150,37,100
2021-03-07 04:00:00,12,125,14,285,14,175,18,90,6,140,40,105
2021-03-07 05:00:00,11,125,12,290,16,160,18,90,7,140,42,105
2021-03-07 06:00:00,11,120,12,290,18,160,19,85,8,115,43,110
2021-03-07 07:00:00,10,105,8,285,15,160,17,85,11,95,37,110
2021-03-07 08:00:00,10,105,7,285,15,160,18,90,10,95,38,110
2021-03-07 09:00:00,13,110,7,290,16,165,19,90,11,95,38,110
2021-03-07 10:00:00,15,115,7,290,16,165,22,90,12,95,36,110
2021-03-07 11:00:00,15,110,6,270,14,165,21,95,13,105,31,110
2021-03-07 12:00:00,12,115,5,220,12,160,18,95,9,125,27,105
2021-03-07 13:00:00,13,115,9,200,9,155,18,95,9,125,25,105
2021-03-07 14:00:00,12,115,12,195,8,160,17,95,8,125,24,100
2021-03-07 15:00:00,11,120,13,190,7,155,16,85,6,130,24,95
2021-03-07 16:00:00,12,115,14,195,7,150,17,70,5,155,25,95
2021-03-07 17:00:00,14,95,14,200,10,145,18,60,7,160,28,95
2021-03-07 18:00:00,16,80,18,230,12,140,20,60,6,180,30,90
2021-03-07 19:00:00,14,90,19,240,13,150,18,75,6,175,26,100
2021-03-07 20:00:00,17,105,21,255,16,145,19,70,4,180,28,100
2021-03-07 21:00:00,16,110,21,270,14,155,19,70,3,110,28,105
2021-03-07 22:00:00,15,105,23,270,12,165,18,75,4,75,29,105
2021-03-07 23:00:00,13,95,31,270,9,160,16,80,5,75,29,105
2021-03-08 00:00:00,10,95,32,270,9,180,16,85,5,85,29,105
2021-03-08 01:00:00,9,145,28,270,10,215,18,115,9,115,32,110
2021-03-08 02:00:00,9,150,27,270,13,205,18,125,10,145,34,105
2021-03-08 03:00:00,8,150,24,270,15,200,19,130,11,155,35,105
2021-03-08 04:00:00,7,145,23,270,13,180,17,140,11,165,37,105
2021-03-08 05:00:00,6,140,23,270,11,165,16,145,10,170,40,105
2021-03-08 06:00:00,6,140,21,270,14,165,13,150,9,175,43,105
2021-03-08 07:00:00,5,155,21,275,5,140,8,140,8,150,46,100
2021-03-08 08:00:00,5,135,17,275,3,195,5,130,6,135,50,100
2021-03-08 09:00:00,5,120,15,265,4,285,5,110,5,120,50,105
2021-03-08 10:00:00,2,115,14,265,2,305,7,105,4,85,45,110
2021-03-08 11:00:00,2,185,14,260,5,125,11,100,6,105,37,105
2021-03-08 12:00:00,0,210,12,235,8,130,13,90,8,120,31,105
2021-03-08 13:00:00,3,355,11,240,7,140,11,60,2,155,24,110
2021-03-08 14:00:00,5,5,10,230,6,135,11,55,2,115,22,105
2021-03-08 15:00:00,3,25,12,220,4,135,10,45,3,85,22,100
2021-03-08 16:00:00,4,110,18,235,1,150,12,40,4,60,24,95
2021-03-08 17:00:00,7,110,24,245,1,135,16,35,6,80,26,90
2021-03-08 18:00:00,10,95,25,255,4,150,18,35,9,80,26,80
2021-03-08 19:00:00,8,45,23,260,2,310,17,35,10,55,22,90
2021-03-08 20:00:00,9,20,21,265,8,330,19,35,12,60,22,90
2021-03-08 21:00:00,11,50,25,260,7,345,21,40,15,65,24,90
2021-03-08 22:00:00,14,60,38,270,6,355,23,45,16,75,27,85
2021-03-08 23:00:00,19,65,33,270,5,0,25,50,15,85,30,85
2021-03-09 00:00:00,22,75,29,275,3,45,24,50,13,100,32,85
2021-03-09 01:00:00,22,80,25,270,8,95,23,55,18,95,32,85
2021-03-09 02:00:00,21,80,24,260,9,100,23,60,18,100,34,85
2021-03-09 03:00:00,20,85,19,245,7,95,20,60,19,95,38,85
2021-03-09 04:00:00,19,85,14,225,6,90,19,65,21,95,40,85
2021-03-09 05:00:00,18,80,13,225,7,90,19,70,21,90,42,85
2021-03-09 06:00:00,20,80,13,225,8,95,19,80,21,85,42,85
2021-03-09 07:00:00,16,90,10,255,3,80,16,85,19,95,41,85
2021-03-09 08:00:00,15,95,9,240,4,90,16,85,17,100,39,85
2021-03-09 09:00:00,17,100,10,230,3,105,16,80,17,105,39,85
2021-03-09 10:00:00,17,110,10,225,2,95,18,75,16,110,38,85
2021-03-09 11:00:00,14,110,10,225,4,80,18,70,14,105,32,85
2021-03-09 12:00:00,13,105,6,215,6,85,15,65,11,105,27,85
2021-03-09 13:00:00,11,100,3,230,4,70,15,60,9,85,21,80
2021-03-09 14:00:00,10,80,2,175,4,50,16,50,9,75,21,80
2021-03-09 15:00:00,13,60,5,155,4,50,17,40,10,80,21,80
2021-03-09 16:00:00,14,55,7,160,4,65,17,30,12,85,22,80
2021-03-09 17:00:00,17,60,9,155,5,85,22,35,12,85,24,75
2021-03-09 18:00:00,19,60,9,145,6,75,28,40,14,80,23,75
2021-03-09 19:00:00,16,60,7,190,6,50,28,40,11,85,21,75
2021-03-09 20:00:00,17,50,11,205,5,55,30,45,11,80,22,75
2021-03-09 21:00:00,18,45,16,215,6,60,30,45,12,75,21,75
2021-03-09 22:00:00,18,50,19,225,9,75,29,50,14,75,21,75
2021-03-09 23:00:00,21,55,21,235,10,85,28,55,17,75,21,75
2021-03-10 00:00:00,23,60,20,215,11,95,28,60,18,80,22,75
2021-03-10 01:00:00,20,65,23,210,16,95,23,70,16,80,25,85
2021-03-10 02:00:00,19,70,20,220,11,120,24,70,18,80,26,90
2021-03-10 03:00:00,22,75,17,220,11,125,24,70,20,80,27,95
2021-03-10 04:00:00,24,75,15,210,10,130,24,70,21,80,28,95
2021-03-10 05:00:00,25,80,12,215,9,130,25,65,22,80,29,95
2021-03-10 06:00:00,24,80,10,220,9,130,26,60,23,80,31,100
2021-03-10 07:00:00,24,90,9,200,10,120,21,65,25,85,26,95
2021-03-10 08:00:00,24,85,9,195,9,115,20,65,26,85,27,90
2021-03-10 09:00:00,24,80,10,195,8,100,20,65,26,90,28,90
2021-03-10 10:00:00,23,75,11,200,8,95,19,70,24,85,27,90
2021-03-10 11:00:00,19,80,8,205,10,90,17,75,19,90,23,90
2021-03-10 12:00:00,13,80,5,185,13,95,15,70,14,85,19,85
2021-03-10 13:00:00,11,70,6,210,7,80,13,65,10,70,21,70
2021-03-10 14:00:00,11,60,5,185,6,75,14,60,9,65,21,80
2021-03-10 15:00:00,12,50,8,175,5,85,16,60,9,80,21,80
2021-03-10 16:00:00,12,45,11,175,5,90,18,55,8,90,19,75
2021-03-10 17:00:00,13,40,12,165,5,90,19,50,9,65,19,75
2021-03-10 18:00:00,12,55,14,155,5,85,25,50,14,50,21,70
2021-03-10 19:00:00,10,55,8,220,7,60,31,50,13,60,22,85
2021-03-10 20:00:00,16,45,11,235,6,65,34,55,14,70,23,85
2021-03-10 21:00:00,19,55,11,265,7,70,34,55,16,75,26,85
2021-03-10 22:00:00,19,65,11,270,10,75,34,60,17,70,27,85
2021-03-10 23:00:00,23,60,13,220,12,90,32,65,19,70,30,85
2021-03-11 00:00:00,24,65,20,225,12,105,30,70,19,85,31,85
2021-03-11 01:00:00,18,85,22,215,14,110,23,80,24,85,35,85
2021-03-11 02:00:00,18,85,22,210,16,125,22,80,28,85,39,90
2021-03-11 03:00:00,22,70,19,210,15,130,21,75,28,85,41,90
2021-03-11 04:00:00,25,70,17,210,14,130,21,70,27,85,43,95
2021-03-11 05:00:00,25,70,15,210,13,120,23,75,27,80,41,100
2021-03-11 06:00:00,25,75,14,210,12,110,26,80,28,75,43,100
2021-03-11 07:00:00,23,85,7,210,9,100,27,80,27,75,38,95
2021-03-11 08:00:00,24,85,7,215,10,90,25,75,26,85,39,95
2021-03-11 09:00:00,26,85,9,210,11,85,24,75,27,90,38,95
2021-03-11 10:00:00,29,85,8,215,11,75,24,70,27,90,36,95
2021-03-11 11:00:00,26,85,7,210,13,80,24,70,19,85,30,95
2021-03-11 12:00:00,19,85,5,195,14,95,22,70,14,85,26,95
2021-03-11 13:00:00,19,70,5,220,10,95,19,60,12,80,29,100
2021-03-11 14:00:00,20,60,3,195,10,90,21,55,12,75,28,95
2021-03-11 15:00:00,17,55,3,150,9,80,24,50,11,65,29,90
2021-03-11 16:00:00,16,60,5,160,9,80,26,45,11,60,30,90
2021-03-11 17:00:00,25,55,7,160,9,75,31,50,13,55,33,90
2021-03-11 18:00:00,25,55,9,150,10,75,32,55,14,55,35,85
2021-03-11 19:00:00,24,65,1,70,10,60,27,55,16,75,35,85
2021-03-11 20:00:00,26,50,2,295,12,50,27,60,19,70,36,80
2021-03-11 21:00:00,27,45,5,230,13,40,25,60,22,60,36,80
2021-03-11 22:00:00,26,50,12,225,13,50,25,65,24,60,36,75
2021-03-11 23:00:00,25,60,16,200,9,75,27,70,24,65,37,80
2021-03-12 00:00:00,25,65,23,170,8,95,26,75,24,70,40,80
2021-03-12 01:00:00,21,80,15,185,8,150,23,90,24,95,41,90
2021-03-12 02:00:00,24,75,20,185,7,145,23,80,25,95,43,90
2021-03-12 03:00:00,23,80,24,180,7,135,24,70,25,95,42,90
2021-03-12 04:00:00,23,75,27,180,7,135,25,65,25,90,41,90
2021-03-12 05:00:00,28,75,26,185,7,125,28,65,27,95,41,90
2021-03-12 06:00:00,34,75,23,185,8,120,27,65,27,90,40,85
2021-03-12 07:00:00,28,75,23,200,8,60,21,50,27,85,40,80
2021-03-12 08:00:00,31,70,20,200,10,55,25,50,26,85,41,80
2021-03-12 09:00:00,32,70,21,195,11,50,29,55,25,80,41,80
2021-03-12 10:00:00,29,70,22,195,13,50,33,55,22,80,38,80
2021-03-12 11:00:00,20,80,17,195,15,55,34,60,16,75,30,80
2021-03-12 12:00:00,17,65,8,215,16,70,30,65,13,75,25,90
2021-03-12 13:00:00,19,55,6,275,11,60,28,60,12,70,21,90
2021-03-12 14:00:00,20,50,5,300,12,60,27,45,16,65,20,85
2021-03-12 15:00:00,16,50,4,305,12,55,26,45,17,65,19,80
2021-03-12 16:00:00,16,50,4,225,13,55,26,45,18,65,23,85
2021-03-12 17:00:00,17,60,8,205,13,55,27,50,20,65,24,85
2021-03-12 18:00:00,17,70,9,225,12,65,29,55,22,65,29,80
2021-03-12 19:00:00,12,60,9,325,14,55,26,60,18,75,24,75
2021-03-12 20:00:00,13,55,9,345,18,70,25,60,19,80,25,75
2021-03-12 21:00:00,15,40,9,340,19,85,26,70,20,85,26,80
2021-03-12 22:00:00,13,40,3,285,16,95,25,65,22,80,25,80
2021-03-12 23:00:00,12,55,8,185,13,110,26,70,21,75,25,75
2021-03-13 00:00:00,12,70,25,175,16,130,26,75,21,75,24,75
2021-03-13 01:00:00,14,75,25,195,14,115,31,70,21,80,23,80
2021-03-13 02:00:00,17,80,27,205,13,125,29,75,20,75,25,80
2021-03-13 03:00:00,17,85,27,205,13,125,28,65,19,75,28,75
2021-03-13 04:00:00,16,75,27,205,11,130,28,65,19,65,29,75
2021-03-13 05:00:00,19,60,26,205,12,135,28,65,21,70,29,80
2021-03-13 06:00:00,20,60,22,210,11,130,28,65,24,75,28,80
2021-03-13 07:00:00,12,65,3,205,4,120,20,70,20,80,26,80
2021-03-13 08:00:00,15,70,2,180,7,70,20,65,20,80,27,75
2021-03-13 09:00:00,19,70,3,165,10,70,22,60,19,80,29,75
2021-03-13 10:00:00,20,70,3,170,14,85,24,60,18,80,30,75
2021-03-13 11:00:00,14,75,2,165,16,90,23,65,13,75,24,80
2021-03-13 12:00:00,13,75,1,140,16,85,20,70,11,70,20,75
2021-03-13 13:00:00,15,75,6,15,11,95,15,70,12,65,16,80
2021-03-13 14:00:00,14,75,3,40,7,90,15,65,13,60,16,80
2021-03-13 15:00:00,15,70,3,100,6,75,19,50,13,65,18,80
2021-03-13 16:00:00,16,60,4,100,7,65,23,45,10,75,20,80
2021-03-13 17:00:00,16,70,6,105,8,70,26,45,9,75,19,80
2021-03-13 18:00:00,15,60,8,130,7,65,24,45,14,65,21,75
2021-03-13 19:00:00,19,55,4,350,10,95,26,60,17,85,22,80
2021-03-13 20:00:00,21,50,2,250,12,100,29,60,19,85,25,80
2021-03-13 21:00:00,21,65,11,190,13,105,28,50,19,80,27,85
2021-03-13 22:00:00,22,70,23,165,13,115,27,55,17,80,28,80
2021-03-13 23:00:00,25,75,28,170,12,115,26,55,17,70,28,80
2021-03-14 00:00:00,28,70,32,175,11,135,25,55,19,70,30,80
2021-03-14 01:00:00,23,75,33,190,12,150,19,60,20,80,30,85
2021-03-14 02:00:00,23,70,32,195,11,145,20,60,19,85,31,85
2021-03-14 03:00:00,25,70,27,200,9,140,22,60,19,85,31,90
2021-03-14 04:00:00,25,70,24,210,7,125,21,60,22,90,33,90
2021-03-14 05:00:00,25,75,22,220,7,130,20,65,25,90,34,90
2021-03-14 06:00:00,26,75,23,225,8,140,20,65,26,95,35,90
2021-03-14 07:00:00,22,80,23,215,3,215,20,70,22,100,32,90
2021-03-14 08:00:00,20,85,20,215,3,220,19,70,20,100,34,85
2021-03-14 09:00:00,18,90,18,210,1,145,16,75,20,105,35,85
2021-03-14 10:00:00,17,90,15,210,7,95,15,85,18,105,33,90
2021-03-14 11:00:00,14,95,13,215,13,105,14,80,12,105,27,90
2021-03-14 12:00:00,14,100,10,200,12,105,13,80,10,110,22,95
2021-03-14 13:00:00,13,100,10,210,10,100,14,80,9,105,15,90
2021-03-14 14:00:00,12,90,11,220,8,100,13,85,6,100,14,90
2021-03-14 15:00:00,9,90,14,235,6,100,14,85,5,100,18,90
2021-03-14 16:00:00,10,100,12,260,4,95,14,85,5,125,23,95
2021-03-14 17:00:00,8,85,14,235,4,100,19,65,4,125,27,90
2021-03-14 18:00:00,7,55,13,230,3,115,20,60,5,120,28,90
2021-03-14 19:00:00,7,50,12,245,3,110,21,60,5,120,26,90
2021-03-14 20:00:00,6,60,18,230,4,90,23,55,5,95,25,90
2021-03-14 21:00:00,7,80,28,220,6,85,23,55,4,60,22,90
2021-03-14 22:00:00,8,85,25,220,7,110,22,60,2,45,21,95
2021-03-14 23:00:00,10,85,24,230,8,110,21,60,1,30,19,95
2021-03-15 00:00:00,11,85,27,245,8,130,17,60,2,110,18,90
2021-03-15 01:00:00,11,145,21,250,10,150,19,90,8,160,23,105
2021-03-15 02:00:00,9,165,22,255,11,170,18,90,7,150,23,105
2021-03-15 03:00:00,7,170,24,265,12,180,15,90,8,155,24,105
2021-03-15 04:00:00,8,155,27,270,12,195,14,100,9,155,26,110
2021-03-15 05:00:00,9,145,31,275,11,195,15,100,10,165,29,110
2021-03-15 06:00:00,8,140,23,275,13,190,16,100,9,175,28,105
2021-03-15 07:00:00,4,150,13,285,9,260,10,125,7,140,29,95
2021-03-15 08:00:00,3,115,11,270,9,270,9,125,8,140,31,90
2021-03-15 09:00:00,4,110,11,260,9,260,9,115,8,145,32,90
2021-03-15 10:00:00,4,100,10,255,9,235,11,110,8,150,32,95
2021-03-15 11:00:00,7,130,7,230,8,220,11,110,10,170,26,100
2021-03-15 12:00:00,8,130,7,200,7,195,11,105,12,180,21,105
2021-03-15 13:00:00,9,140,5,220,8,180,11,105,11,195,17,115
2021-03-15 14:00:00,9,145,8,195,5,180,12,105,9,200,15,115
2021-03-15 15:00:00,8,145,8,185,3,190,13,110,7,195,13,115
2021-03-15 16:00:00,7,135,9,175,3,205,14,105,8,180,13,110
2021-03-15 17:00:00,6,120,13,165,2,235,16,80,9,195,13,105
2021-03-15 18:00:00,7,70,17,155,0,20,20,70,9,210,12,95
2021-03-15 19:00:00,4,90,15,205,3,245,14,80,11,235,14,105
2021-03-15 20:00:00,4,115,17,235,8,250,14,75,8,265,17,100
2021-03-15 21:00:00,5,95,19,255,10,230,16,75,7,300,17,110
2021-03-15 22:00:00,5,80,18,255,8,220,19,75,9,330,17,110
2021-03-15 23:00:00,6,75,22,260,8,215,20,75,9,335,18,110
2021-03-16 00:00:00,6,70,21,290,8,200,20,75,6,325,18,110
2021-03-16 01:00:00,8,145,17,265,8,190,19,85,3,305,19,110
2021-03-16 02:00:00,7,155,23,265,9,185,17,85,3,305,19,110
2021-03-16 03:00:00,5,150,22,275,8,170,15,80,2,285,21,110
2021-03-16 04:00:00,5,140,21,275,9,170,15,80,1,240,23,110
2021-03-16 05:00:00,6,135,22,270,10,175,16,80,2,190,23,105
2021-03-16 06:00:00,8,120,21,275,11,170,16,80,3,155,25,100
2021-03-16 07:00:00,6,115,15,270,8,150,10,100,4,130,20,105
2021-03-16 08:00:00,5,110,14,265,6,170,10,95,6,115,22,100
2021-03-16 09:00:00,7,90,12,265,7,170,11,90,7,115,24,100
2021-03-16 10:00:00,10,85,13,265,7,170,12,90,9,105,25,100
2021-03-16 11:00:00,10,85,11,250,5,185,12,85,11,115,22,100
2021-03-16 12:00:00,9,90,11,200,4,170,11,85,9,145,18,95
2021-03-16 13:00:00,7,160,11,200,4,175,7,100,10,185,13,105
2021-03-16 14:00:00,7,160,12,190,5,180,7,100,12,190,12,100
2021-03-16 15:00:00,8,150,11,185,6,190,8,110,13,190,14,100
2021-03-16 16:00:00,6,150,12,175,6,200,9,120,13,205,16,100
2021-03-16 17:00:00,4,150,13,175,4,205,10,115,7,210,15,110
2021-03-16 18:00:00,3,135,14,180,4,165,12,110,6,205,12,105
2021-03-16 19:00:00,6,115,16,210,8,140,13,95,6,215,12,95
2021-03-16 20:00:00,7,110,17,220,12,145,14,85,5,235,13,90
2021-03-16 21:00:00,8,100,17,245,12,145,13,75,3,205,13,90
2021-03-16 22:00:00,8,95,18,270,11,150,11,75,3,65,11,95
2021-03-16 23:00:00,9,90,18,260,11,155,11,85,6,80,11,105
2021-03-17 00:00:00,10,105,21,245,13,165,10,90,6,145,13,110
2021-03-17 01:00:00,7,150,26,260,19,165,11,100,9,180,18,110
2021-03-17 02:00:00,8,155,29,255,18,170,10,100,9,175,20,110
2021-03-17 03:00:00,10,150,26,260,16,180,9,95,9,170,22,110
2021-03-17 04:00:00,10,160,24,270,17,180,8,90,10,165,23,110
2021-03-17 05:00:00,11,170,21,275,17,180,6,105,12,155,26,105
2021-03-17 06:00:00,12,165,19,280,17,180,5,120,13,145,27,110
2021-03-17 07:00:00,12,160,9,270,10,150,9,115,16,150,24,110
2021-03-17 08:00:00,9,170,9,265,11,135,11,115,15,150,24,110
2021-03-17 09:00:00,8,195,10,265,11,130,11,125,13,145,23,115
2021-03-17 10:00:00,8,195,11,270,9,145,9,130,11,155,22,115
2021-03-17 11:00:00,7,195,8,265,4,150,9,130,12,170,19,120
2021-03-17 12:00:00,8,175,4,220,4,150,9,125,14,175,13,110
2021-03-17 13:00:00,14,170,3,180,9,200,11,145,17,180,9,105
2021-03-17 14:00:00,13,170,5,170,9,200,9,150,15,190,8,95
2021-03-17 15:00:00,13,160,7,160,8,200,9,135,15,200,9,90
2021-03-17 16:00:00,13,155,8,160,8,195,10,115,14,200,8,100
2021-03-17 17:00:00,11,140,9,160,8,190,13,105,13,210,6,125
2021-03-17 18:00:00,11,135,10,155,7,185,14,100,9,200,2,175
2021-03-17 19:00:00,8,170,11,210,8,195,8,110,7,195,2,75
2021-03-17 20:00:00,7,150,15,215,7,190,7,90,4,175,4,70
2021-03-17 21:00:00,6,120,20,200,8,185,9,70,3,160,5,100
2021-03-17 22:00:00,7,105,25,200,9,165,11,65,1,225,8,125
2021-03-17 23:00:00,9,90,29,215,11,155,12,65,0,255,8,130
2021-03-18 00:00:00,10,80,28,230,12,150,16,80,0,180,9,130
2021-03-18 01:00:00,7,115,25,245,18,160,15,90,5,180,9,105
2021-03-18 02:00:00,6,135,23,255,19,155,16,100,5,205,9,100
2021-03-18 03:00:00,6,155,21,265,20,150,18,105,5,210,10,105
2021-03-18 04:00:00,7,165,19,270,19,150,18,105,6,205,11,110
2021-03-18 05:00:00,8,145,18,280,16,150,18,105,7,195,11,115
2021-03-18 06:00:00,8,140,17,280,15,155,17,105,7,175,13,110
2021-03-18 07:00:00,6,125,11,270,12,145,14,105,6,120,14,90
2021-03-18 08:00:00,5,120,11,270,12,135,11,110,5,115,16,85
2021-03-18 09:00:00,4,100,10,275,10,135,9,105,6,100,17,85
2021-03-18 10:00:00,6,65,9,280,10,135,7,90,6,85,18,85
2021-03-18 11:00:00,8,55,5,260,8,130,8,85,5,100,15,90
2021-03-18 12:00:00,4,55,3,215,7,130,7,85,5,155,12,85
2021-03-18 13:00:00,2,355,1,185,7,155,5,90,5,185,13,75
2021-03-18 14:00:00,2,40,3,160,7,160,6,95,5,185,13,70
2021-03-18 15:00:00,3,85,5,160,7,170,6,95,5,190,15,65
2021-03-18 16:00:00,6,95,7,175,8,175,6,95,5,180,14,70
2021-03-18 17:00:00,6,85,10,185,7,175,8,70,5,195,11,85
2021-03-18 18:00:00,5,65,12,185,8,160,13,60,2,145,8,80
2021-03-18 19:00:00,3,20,8,200,11,155,14,65,2,135,11,70
2021-03-18 20:00:00,3,40,13,195,8,155,17,65,2,135,13,65
2021-03-18 21:00:00,6,60,20,190,5,145,19,65,4,115,16,65
2021-03-18 22:00:00,9,65,31,180,5,170,22,65,6,75,15,75
2021-03-18 23:00:00,9,65,33,185,5,210,21,70,7,80,15,85
2021-03-19 00:00:00,9,75,34,190,6,210,21,75,7,90,15,90
2021-03-19 01:00:00,7,125,31,205,11,195,20,90,6,115,18,85
2021-03-19 02:00:00,6,140,25,215,11,195,19,95,7,125,19,85
2021-03-19 03:00:00,7,145,19,230,11,205,18,95,7,125,20,85
2021-03-19 04:00:00,7,130,15,250,10,205,17,100,8,135,20,85
2021-03-19 05:00:00,7,125,17,255,8,205,16,105,9,135,22,90
2021-03-19 06:00:00,8,120,20,260,10,200,16,110,9,135,24,95
2021-03-19 07:00:00,10,140,19,235,8,180,18,125,12,140,18,95
2021-03-19 08:00:00,12,135,17,245,8,175,16,125,13,145,19,95
2021-03-19 09:00:00,13,135,15,255,8,170,14,120,13,145,19,90
2021-03-19 10:00:00,12,130,13,255,10,175,13,105,12,145,20,90
2021-03-19 11:00:00,10,135,8,245,12,185,12,105,11,160,17,90
2021-03-19 12:00:00,8,140,7,210,11,195,9,115,12,175,13,90
2021-03-19 13:00:00,5,150,9,215,7,210,7,125,9,175,10,70
2021-03-19 14:00:00,5,140,9,185,6,220,7,115,8,170,11,75
2021-03-19 15:00:00,7,135,9,175,6,230,7,100,8,165,12,75
2021-03-19 16:00:00,8,135,10,175,6,235,9,100,7,160,10,70
2021-03-19 17:00:00,6,120,11,180,5,245,12,105,7,160,7,75
2021-03-19 18:00:00,5,115,13,180,5,255,13,110,9,140,6,75
2021-03-19 19:00:00,6,145,14,220,2,235,13,100,7,90,2,125
2021-03-19 20:00:00,7,130,16,235,4,165,12,100,8,70,3,125
2021-03-19 21:00:00,10,115,17,235,7,175,10,95,8,65,7,125
2021-03-19 22:00:00,13,120,19,235,8,190,9,90,8,65,9,130
2021-03-19 23:00:00,16,125,21,210,10,200,9,90,8,60,11,120
2021-03-20 00:00:00,16,125,27,210,11,210,10,100,7,60,14,115
2021-03-20 01:00:00,16,130,22,225,16,210,9,105,8,110,14,105
2021-03-20 02:00:00,15,130,19,250,16,210,9,105,9,125,16,110
2021-03-20 03:00:00,13,135,20,270,15,195,9,110,11,140,17,110
2021-03-20 04:00:00,12,145,20,275,12,185,9,125,12,145,18,105
2021-03-20 05:00:00,12,150,19,280,12,180,8,140,14,150,20,105
2021-03-20 06:00:00,13,150,18,280,13,175,6,155,15,155,22,105
2021-03-20 07:00:00,16,155,13,265,12,170,8,135,17,155,18,95
2021-03-20 08:00:00,17,160,13,255,13,165,9,130,17,150,20,90
2021-03-20 09:00:00,17,165,14,250,13,165,9,115,17,145,20,90
2021-03-20 10:00:00,16,160,13,250,12,175,9,100,16,150,21,90
2021-03-20 11:00:00,15,160,11,235,9,180,10,95,15,160,16,95
2021-03-20 12:00:00,13,160,9,205,8,180,8,100,15,180,14,90
2021-03-20 13:00:00,11,175,8,205,11,195,5,120,14,180,12,100
2021-03-20 14:00:00,9,170,10,190,11,200,4,140,12,180,11,95
2021-03-20 15:00:00,9,170,14,190,13,205,5,135,12,185,11,90
2021-03-20 16:00:00,7,165,15,190,13,205,6,100,11,185,10,100
2021-03-20 17:00:00,6,145,18,205,13,200,11,85,10,180,9,140
2021-03-20 18:00:00,5,125,19,215,10,205,14,90,7,175,10,160
2021-03-20 19:00:00,6,150,21,215,10,220,14,100,2,195,5,130
2021-03-20 20:00:00,6,110,19,225,10,210,14,95,1,310,7,120
2021-03-20 21:00:00,8,90,20,215,11,205,13,85,4,350,8,110
2021-03-20 22:00:00,10,85,17,215,11,200,12,80,6,5,9,100
2021-03-20 23:00:00,11,95,21,225,12,210,12,75,10,25,10,100
2021-03-21 00:00:00,13,105,20,245,12,215,11,75,9,40,12,100
2021-03-21 01:00:00,14,140,22,225,20,180,11,105,6,105,18,100
2021-03-21 02:00:00,13,145,18,235,17,180,10,110,7,135,19,100
2021-03-21 03:00:00,12,145,16,250,15,175,10,120,9,155,20,95
2021-03-21 04:00:00,11,145,18,270,13,180,9,135,10,160,21,95
2021-03-21 05:00:00,11,155,21,275,14,170,11,145,12,160,22,95
2021-03-21 06:00:00,12,165,22,280,13,165,13,145,13,165,23,95
2021-03-21 07:00:00,11,165,18,260,11,175,12,155,12,140,22,95
2021-03-21 08:00:00,11,165,16,255,11,175,11,150,12,140,24,95
2021-03-21 09:00:00,10,170,13,250,10,170,10,150,12,140,26,95
2021-03-21 10:00:00,9,170,12,235,8,175,8,150,11,135,26,90
2021-03-21 11:00:00,9,155,10,205,7,145,5,150,10,130,22,90
2021-03-21 12:00:00,9,150,11,190,8,130,5,115,10,150,18,85
2021-03-21 13:00:00,10,140,9,190,7,155,8,110,11,150,16,90
2021-03-21 14:00:00,10,135,10,180,7,150,9,95,9,150,17,85
2021-03-21 15:00:00,12,130,11,175,10,160,11,85,9,155,18,90
2021-03-21 16:00:00,14,120,12,170,10,155,15,75,8,155,19,100
2021-03-21 17:00:00,15,95,13,170,8,140,20,70,8,150,20,100
2021-03-21 18:00:00,16,90,15,170,11,135,21,70,8,105,21,95
2021-03-21 19:00:00,13,130,19,205,9,110,17,90,9,115,20,95
2021-03-21 20:00:00,11,125,22,205,10,130,19,90,7,85,22,105
2021-03-21 21:00:00,11,115,25,215,19,110,19,80,8,80,20,105
2021-03-21 22:00:00,13,105,20,210,27,95,21,75,13,85,16,105
2021-03-21 23:00:00,14,100,23,195,30,95,23,75,17,80,15,110
2021-03-22 00:00:00,16,90,20,195,23,105,27,75,20,80,17,105
2021-03-22 01:00:00,17,75,21,195,27,95,27,65,24,75,24,100
2021-03-22 02:00:00,17,75,18,200,35,95,29,70,20,65,26,100
2021-03-22 03:00:00,19,75,14,195,46,95,33,70,20,95,29,95
2021-03-22 04:00:00,22,70,20,165,54,95,34,70,20,100,31,95
2021-03-22 05:00:00,23,70,29,170,58,100,31,65,20,105,32,95
2021-03-22 06:00:00,21,75,35,180,61,105,31,65,22,115,31,95
2021-03-22 07:00:00,27,90,42,180,58,110,35,80,25,125,26,95
2021-03-22 08:00:00,27,95,36,180,59,105,35,85,26,125,27,95
2021-03-22 09:00:00,30,100,31,175,59,105,36,90,27,120,29,100
2021-03-22 10:00:00,37,100,21,170,56,100,39,95,27,115,29,100
2021-03-22 11:00:00,35,105,19,165,47,95,42,95,26,110,19,85
2021-03-22 12:00:00,31,100,18,165,41,90,39,95,24,100,19,85
2021-03-22 13:00:00,29,95,17,170,26,80,36,95,17,105,20,90
2021-03-22 14:00:00,28,90,18,165,24,80,34,90,18,95,21,95
2021-03-22 15:00:00,27,85,22,150,25,80,35,85,20,80,24,95
2021-03-22 16:00:00,27,85,23,155,28,80,35,75,22,70,27,90
2021-03-22 17:00:00,28,90,11,90,29,80,35,70,24,80,32,85
2021-03-22 18:00:00,25,85,21,125,28,80,36,65,24,85,37,85
2021-03-22 19:00:00,23,80,22,180,27,65,28,65,21,90,31,90
2021-03-22 20:00:00,22,80,26,160,25,75,25,65,21,85,32,90
2021-03-22 21:00:00,23,75,26,150,24,75,29,75,19,90,35,90
2021-03-22 22:00:00,28,85,27,170,24,65,34,80,20,85,42,85
2021-03-22 23:00:00,30,80,30,175,25,65,34,75,18,85,48,85
2021-03-23 00:00:00,29,80,32,180,26,65,31,70,15,90,54,90
2021-03-23 01:00:00,27,85,28,180,25,60,29,55,13,105,54,90
2021-03-23 02:00:00,19,90,24,185,26,65,26,55,12,110,51,90
2021-03-23 03:00:00,16,85,25,185,25,70,24,65,11,100,50,90
2021-03-23 04:00:00,16,80,25,180,25,75,26,75,11,95,45,90
2021-03-23 05:00:00,15,75,24,180,27,85,30,70,12,85,41,95
2021-03-23 06:00:00,18,75,23,180,30,95,30,80,13,80,39,95
2021-03-23 07:00:00,21,85,22,180,27,100,31,80,11,90,40,90
2021-03-23 08:00:00,21,85,22,180,28,100,28,85,11,100,40,90
2021-03-23 09:00:00,19,75,22,180,27,100,25,90,9,105,40,85
2021-03-23 10:00:00,17,65,15,180,23,95,21,85,7,110,37,80
2021-03-23 11:00:00,15,55,11,190,20,90,17,70,7,90,38,75
2021-03-23 12:00:00,15,40,9,200,16,70,17,55,12,75,36,75
2021-03-23 13:00:00,16,40,4,205,12,60,20,55,13,75,31,75
2021-03-23 14:00:00,15,40,4,150,11,55,20,45,13,70,28,75
2021-03-23 15:00:00,14,40,6,165,10,50,22,45,14,75,28,75
2021-03-23 16:00:00,13,40,8,230,9,45,23,50,14,75,27,75
2021-03-23 17:00:00,14,45,13,180,10,45,25,55,15,75,26,70
2021-03-23 18:00:00,15,50,10,155,11,40,27,60,14,80,26,75
2021-03-23 19:00:00,14,60,11,180,12,35,28,60,11,95,30,70
2021-03-23 20:00:00,13,75,15,185,14,35,29,60,8,120,33,70
2021-03-23 21:00:00,11,100,19,200,15,35,29,55,8,135,35,75
2021-03-23 22:00:00,12,110,20,205,16,35,29,60,8,140,41,80
2021-03-23 23:00:00,11,115,19,215,14,40,26,75,6,135,48,90
2021-03-24 00:00:00,8,130,19,215,11,45,24,85,5,130,48,100
2021-03-24 01:00:00,8,115,17,205,9,35,24,90,6,130,45,100
2021-03-24 02:00:00,11,95,18,200,10,45,23,80,4,115,41,100
2021-03-24 03:00:00,15,90,18,200,12,45,24,75,5,90,40,95
2021-03-24 04:00:00,17,85,16,200,12,50,25,75,9,90,37,90
2021-03-24 05:00:00,18,80,14,200,12,55,24,75,11,85,36,85
2021-03-24 06:00:00,19,75,13,200,12,55,22,70,13,80,36,80
2021-03-24 07:00:00,20,70,15,205,12,55,20,75,16,85,37,80
2021-03-24 08:00:00,18,70,14,205,11,50,18,65,14,80,36,80
2021-03-24 09:00:00,18,65,14,210,11,50,17,60,11,80,37,85
2021-03-24 10:00:00,17,55,12,215,11,55,17,55,10,85,31,90
2021-03-24 11:00:00,14,45,9,220,11,50,16,50,10,90,28,90
2021-03-24 12:00:00,13,35,6,240,10,45,13,45,10,85,26,90
2021-03-24 13:00:00,12,30,2,280,10,40,12,35,9,75,25,90
2021-03-24 14:00:00,11,25,2,135,10,35,12,35,8,65,22,90
2021-03-24 15:00:00,10,25,7,160,9,35,12,40,7,60,22,85
2021-03-24 16:00:00,9,20,13,180,9,40,13,40,5,55,22,80
2021-03-24 17:00:00,8,20,15,195,9,45,16,35,4,60,22,85
2021-03-24 18:00:00,8,20,15,205,10,50,19,40,4,65,23,75
2021-03-24 19:00:00,7,50,16,210,11,35,20,50,4,120,25,70
2021-03-24 20:00:00,8,65,18,205,12,30,20,55,8,160,26,70
2021-03-24 21:00:00,9,75,18,210,13,30,19,65,12,180,30,75
2021-03-24 22:00:00,10,90,16,230,11,45,20,80,15,175,33,75
2021-03-24 23:00:00,12,100,16,250,11,70,19,90,16,175,32,80
2021-03-25 00:00:00,15,110,17,255,11,105,19,90,17,170,32,85
2021-03-25 01:00:00,15,110,16,260,10,130,17,85,16,160,28,80
2021-03-25 02:00:00,13,110,13,260,10,145,17,85,13,160,26,85
2021-03-25 03:00:00,12,100,11,265,12,155,16,80,11,170,24,85
2021-03-25 04:00:00,11,100,9,265,12,155,16,80,8,175,23,85
2021-03-25 05:00:00,11,100,7,265,12,155,16,80,7,170,25,85
2021-03-25 06:00:00,12,95,7,255,12,145,16,80,7,160,27,85
2021-03-25 07:00:00,13,105,7,250,7,125,17,85,8,145,30,85
2021-03-25 08:00:00,14,105,6,235,6,110,17,90,10,130,31,85
2021-03-25 09:00:00,15,105,5,235,5,110,18,90,11,125,32,85
2021-03-25 10:00:00,14,110,5,240,4,110,19,90,10,120,33,85
2021-03-25 11:00:00,14,115,3,205,6,120,18,95,10,105,28,85
2021-03-25 12:00:00,14,110,2,140,7,125,17,90,9,95,27,90
2021-03-25 13:00:00,15,105,1,55,6,130,16,90,8,90,28,85
2021-03-25 14:00:00,16,95,3,85,5,135,16,70,6,90,29,85
2021-03-25 15:00:00,16,90,4,120,4,130,15,70,5,100,28,85
2021-03-25 16:00:00,15,85,9,165,5,120,14,75,5,130,29,85
2021-03-25 17:00:00,13,75,12,190,6,120,13,80,7,125,33,90
2021-03-25 18:00:00,16,75,13,200,7,130,12,90,4,110,34,90
2021-03-25 19:00:00,18,75,12,200,7,130,13,85,8,95,35,90
2021-03-25 20:00:00,21,75,17,195,5,135,16,80,8,100,36,95
2021-03-25 21:00:00,22,80,20,195,5,120,21,85,10,80,37,100
2021-03-25 22:00:00,21,85,22,195,7,115,28,85,12,75,38,100
2021-03-25 23:00:00,17,85,26,195,7,125,28,85,11,85,39,100
2021-03-26 00:00:00,16,90,24,205,9,145,24,90,11,75,36,100
2021-03-26 01:00:00,17,95,24,210,12,140,24,95,11,70,35,100
2021-03-26 02:00:00,16,100,20,220,16,140,23,95,12,80,38,100
2021-03-26 03:00:00,14,95,17,250,16,150,19,100,13,90,40,100
2021-03-26 04:00:00,13,90,16,260,16,165,17,110,13,105,38,105
2021-03-26 05:00:00,12,90,14,250,16,175,17,115,14,115,38,105
2021-03-26 06:00:00,10,95,14,240,17,185,17,115,15,120,40,110
2021-03-26 07:00:00,13,115,16,245,17,195,19,115,14,135,42,105
2021-03-26 08:00:00,14,120,15,245,16,190,19,115,13,140,43,105
2021-03-26 09:00:00,14,130,15,245,16,200,19,110,12,145,40,105
2021-03-26 10:00:00,15,135,14,240,15,210,17,115,11,155,34,100
2021-03-26 11:00:00,14,145,11,220,11,190,15,120,12,170,30,100
2021-03-26 12:00:00,13,135,10,210,8,195,15,115,10,165,30,100
2021-03-26 13:00:00,11,140,8,190,6,215,12,110,7,170,26,100
2021-03-26 14:00:00,11,130,12,170,5,235,11,100,5,190,25,100
2021-03-26 15:00:00,13,110,10,185,5,235,12,90,7,190,26,100
2021-03-26 16:00:00,11,100,8,215,3,240,13,75,7,190,28,95
2021-03-26 17:00:00,10,95,6,210,2,220,12,65,6,210,29,100
2021-03-26 18:00:00,10,80,10,210,4,185,10,65,7,185,33,100
2021-03-26 19:00:00,11,75,14,220,9,180,9,95,11,165,32,95
2021-03-26 20:00:00,13,85,16,215,10,180,10,105,7,130,31,100
2021-03-26 21:00:00,15,85,28,210,10,170,10,110,9,110,29,105
2021-03-26 22:00:00,11,85,29,210,5,160,8,120,8,90,26,110
2021-03-26 23:00:00,11,75,20,230,3,165,8,135,7,100,25,110
2021-03-27 00:00:00,9,80,18,265,6,180,9,140,7,125,24,110
2021-03-27 01:00:00,7,170,27,285,7,215,9,135,9,155,25,110
2021-03-27 02:00:00,12,210,23,295,10,210,9,140,10,180,27,110
2021-03-27 03:00:00,11,215,20,300,12,200,8,135,9,195,29,110
2021-03-27 04:00:00,8,210,19,295,13,195,8,130,9,205,32,105
2021-03-27 05:00:00,6,190,16,285,16,180,8,125,9,195,33,100
2021-03-27 06:00:00,6,160,14,280,15,175,7,115,8,170,33,100
2021-03-27 07:00:00,8,135,12,270,14,180,9,105,10,135,36,100
2021-03-27 08:00:00,10,130,10,255,13,175,10,105,12,130,38,100
2021-03-27 09:00:00,12,125,9,255,14,180,12,95,14,125,40,100
2021-03-27 10:00:00,13,125,8,255,13,185,14,90,15,130,35,100
2021-03-27 11:00:00,12,125,5,260,11,190,15,95,13,160,31,100
2021-03-27 12:00:00,11,135,3,270,9,195,15,105,12,155,31,100
2021-03-27 13:00:00,13,130,4,250,10,200,16,100,10,170,32,100
2021-03-27 14:00:00,14,130,2,195,9,200,16,100,9,175,32,105
2021-03-27 15:00:00,15,125,7,170,7,180,17,95,10,185,32,105
2021-03-27 16:00:00,16,135,10,180,8,200,17,85,7,175,31,105
2021-03-27 17:00:00,15,130,9,200,9,185,16,95,11,190,31,105
2021-03-27 18:00:00,14,110,11,210,10,185,13,105,6,155,36,110
2021-03-27 19:00:00,13,110,7,225,7,190,12,120,7,75,36,110
2021-03-27 20:00:00,12,110,8,190,9,185,14,110,10,85,35,115
2021-03-27 21:00:00,11,105,12,190,12,175,15,110,12,65,32,115
2021-03-27 22:00:00,11,85,23,180,14,180,16,110,10,60,30,120
2021-03-27 23:00:00,10,85,27,200,16,190,16,125,7,80,28,120
2021-03-28 00:00:00,8,100,23,235,18,200,16,140,6,145,27,120
2021-03-28 01:00:00,10,155,21,270,21,205,16,150,13,175,27,115
2021-03-28 02:00:00,12,175,20,285,22,210,17,155,17,185,27,115
2021-03-28 03:00:00,15,190,20,300,25,210,16,155,21,195,25,115
2021-03-28 04:00:00,15,195,19,295,28,210,16,160,23,195,26,110
2021-03-28 05:00:00,16,195,18,285,26,215,14,160,22,200,28,110
2021-03-28 06:00:00,17,190,18,280,25,215,12,155,20,200,30,105
2021-03-28 07:00:00,15,180,17,285,22,215,12,155,19,195,31,100
2021-03-28 08:00:00,14,175,14,285,20,230,12,155,20,195,31,100
2021-03-28 09:00:00,12,170,12,280,19,235,12,145,18,190,30,105
2021-03-28 10:00:00,11,175,9,265,16,235,11,145,18,190,24,100
2021-03-28 11:00:00,11,175,7,240,14,235,11,140,19,190,20,105
2021-03-28 12:00:00,11,165,8,220,12,230,11,125,17,180,20,110
2021-03-28 13:00:00,10,155,11,195,12,220,10,120,14,170,19,110
2021-03-28 14:00:00,12,140,15,195,12,220,11,115,12,170,20,105
2021-03-28 15:00:00,14,135,16,215,12,215,14,105,12,185,25,110
2021-03-28 16:00:00,16,135,22,235,12,220,15,100,13,175,25,100
2021-03-28 17:00:00,15,150,23,240,9,225,16,110,10,175,24,105
2021-03-28 18:00:00,14,130,25,255,8,250,17,125,13,210,18,110
2021-03-28 19:00:00,12,135,25,260,9,230,18,135,9,195,15,110
2021-03-28 20:00:00,11,165,25,265,9,230,18,150,5,185,19,125
2021-03-28 21:00:00,11,165,22,270,7,230,17,155,6,160,16,130
2021-03-28 22:00:00,13,160,26,250,5,240,17,165,6,160,14,135
2021-03-28 23:00:00,15,155,25,240,8,210,18,170,11,170,14,130
2021-03-29 00:00:00,18,175,21,240,7,215,20,175,19,175,13,125
2021-03-29 01:00:00,20,190,24,255,10,235,18,185,21,175,14,125
2021-03-29 02:00:00,19,195,27,265,12,225,18,195,20,185,16,120
2021-03-29 03:00:00,18,200,24,265,18,210,18,200,21,200,16,125
2021-03-29 04:00:00,17,210,22,265,19,200,17,200,22,205,15,125
2021-03-29 05:00:00,16,220,21,265,22,200,16,195,23,205,15,125
2021-03-29 06:00:00,16,220,20,270,22,195,15,200,24,200,14,125
2021-03-29 07:00:00,14,215,19,270,22,195,12,205,21,195,11,115
2021-03-29 08:00:00,12,215,16,255,20,200,10,210,19,195,13,105
2021-03-29 09:00:00,10,220,16,245,17,215,7,220,17,195,15,105
2021-03-29 10:00:00,10,220,16,240,13,230,5,225,16,195,15,110
2021-03-29 11:00:00,10,215,14,235,13,225,5,210,18,195,13,115
2021-03-29 12:00:00,11,220,14,230,15,215,4,200,17,190,11,115
2021-03-29 13:00:00,11,215,15,220,15,220,3,170,17,185,9,115
2021-03-29 14:00:00,9,220,19,215,14,225,4,155,16,185,8,100
2021-03-29 15:00:00,9,220,24,225,13,220,6,135,15,195,8,95
2021-03-29 16:00:00,10,210,25,235,16,225,7,115,16,205,8,85
2021-03-29 17:00:00,8,210,24,240,19,230,9,110,18,210,8,120
2021-03-29 18:00:00,7,220,27,255,24,240,11,125,15,215,7,165
2021-03-29 19:00:00,5,210,30,270,22,225,8,140,14,210,4,175
2021-03-29 20:00:00,6,215,31,270,21,225,6,165,14,210,2,115
2021-03-29 21:00:00,8,215,35,265,18,220,7,195,13,205,8,165
2021-03-29 22:00:00,10,215,32,270,14,225,10,200,14,205,9,165
2021-03-29 23:00:00,11,215,33,270,13,225,11,200,16,200,8,160
2021-03-30 00:00:00,17,215,31,270,15,225,15,200,21,205,6,170
2021-03-30 01:00:00,23,210,26,280,22,210,18,195,28,205,8,195
2021-03-30 02:00:00,30,215,21,280,27,220,20,200,34,215,11,215
2021-03-30 03:00:00,30,220,20,280,28,225,21,205,37,220,12,225
2021-03-30 04:00:00,27,220,21,275,31,235,21,205,37,225,12,230
2021-03-30 05:00:00,25,225,20,275,30,235,21,205,35,230,11,225
2021-03-30 06:00:00,23,235,18,270,28,230,23,205,33,230,9,225
2021-03-30 07:00:00,19,255,18,275,25,230,24,215,28,240,11,225
2021-03-30 08:00:00,19,260,18,270,25,230,24,220,26,245,12,225
2021-03-30 09:00:00,19,265,18,275,24,230,23,225,25,250,12,215
2021-03-30 10:00:00,18,270,14,275,24,225,21,230,23,245,12,215
2021-03-30 11:00:00,15,260,11,270,23,225,20,230,23,225,12,205
2021-03-30 12:00:00,15,260,14,250,23,230,20,230,22,230,11,200
2021-03-30 13:00:00,15,265,21,245,21,225,17,240,19,235,7,195
2021-03-30 14:00:00,15,265,25,250,22,220,15,240,17,245,3,210
2021-03-30 15:00:00,15,270,28,255,23,220,14,240,18,250,3,235
2021-03-30 16:00:00,14,275,31,265,23,230,14,240,18,250,4,240
2021-03-30 17:00:00,12,285,31,265,19,240,14,245,18,250,6,260
2021-03-30 18:00:00,6,210,31,255,18,240,13,255,18,245,9,255
2021-03-30 19:00:00,12,235,33,255,13,230,18,265,20,240,11,250
2021-03-30 20:00:00,19,245,36,265,18,235,14,270,23,225,11,245
2021-03-30 21:00:00,18,250,36,275,14,225,9,280,28,225,9,245
2021-03-30 22:00:00,20,255,35,280,15,235,8,285,27,235,8,230
2021-03-30 23:00:00,19,260,35,275,15,245,9,260,25,245,8,225
2021-03-31 00:00:00,19,255,38,270,13,245,11,250,26,245,8,235
2021-03-31 01:00:00,18,270,30,265,18,215,9,255,21,255,12,250
2021-03-31 02:00:00,16,275,37,270,21,215,10,245,18,260,13,250
2021-03-31 03:00:00,14,270,38,270,20,225,11,240,17,260,13,240
2021-03-31 04:00:00,15,265,35,280,21,225,10,230,18,250,14,235
2021-03-31 05:00:00,17,260,31,275,20,230,10,225,21,240,15,240
2021-03-31 06:00:00,18,255,26,280,19,230,10,220,22,240,15,240
2021-03-31 07:00:00,18,245,22,285,19,240,13,215,24,230,15,230
2021-03-31 08:00:00,19,235,22,285,17,245,14,215,28,230,14,225
2021-03-31 09:00:00,18,235,21,285,15,245,16,215,29,230,14,220
2021-03-31 10:00:00,15,230,17,280,13,250,17,215,25,215,13,220
2021-03-31 11:00:00,13,220,12,265,13,240,16,220,24,215,10,220
2021-03-31 12:00:00,13,225,8,245,15,235,16,225,21,220,10,225
2021-03-31 13:00:00,13,230,7,255,17,230,16,225,19,220,10,225
2021-03-31 14:00:00,11,235,7,250,18,225,16,225,17,220,12,240
2021-03-31 15:00:00,11,235,7,235,18,230,17,225,17,225,15,245
2021-03-31 16:00:00,11,230,9,225,19,230,17,230,18,225,17,230
2021-03-31 17:00:00,9,245,12,235,21,230,17,240,18,230,19,230
2021-03-31 18:00:00,6,250,13,245,23,235,16,240,16,225,20,220
2021-03-31 19:00:00,6,215,15,255,21,240,17,235,15,225,19,225
2021-03-31 20:00:00,2,185,18,265,18,230,15,235,16,215,17,225
2021-03-31 21:00:00,7,200,21,280,19,225,17,230,14,215,19,225
2021-03-31 22:00:00,12,215,24,280,18,230,18,230,19,190,20,220
2021-03-31 23:00:00,14,225,28,290,21,225,17,230,22,195,21,215
2021-04-01 00:00:00,16,230,28,285,28,225,17,230,26,200,21,220
2021-04-01 01:00:00,19,240,23,285,29,230,17,230,28,205,25,225
2021-04-01 02:00:00,18,245,22,280,28,230,17,225,28,215,26,225
2021-04-01 03:00:00,17,255,21,270,23,240,19,220,28,225,27,220
2021-04-01 04:00:00,16,255,20,260,19,235,18,215,26,235,27,220
2021-04-01 05:00:00,15,255,16,270,17,235,18,210,24,245,27,220
2021-04-01 06:00:00,15,260,13,275,14,240,17,210,22,250,26,220
2021-04-01 07:00:00,13,255,10,275,10,230,18,210,18,250,32,215
2021-04-01 08:00:00,12,255,9,285,10,220,18,210,16,250,35,215
2021-04-01 09:00:00,10,250,7,295,11,215,17,215,14,245,36,210
2021-04-01 10:00:00,9,250,7,300,12,220,18,215,13,230,36,205
2021-04-01 11:00:00,9,240,6,290,12,215,19,215,17,210,28,205
2021-04-01 12:00:00,9,230,5,255,14,215,18,220,16,210,25,205
2021-04-01 13:00:00,8,220,5,200,13,215,16,215,14,205,26,205
2021-04-01 14:00:00,9,210,9,185,12,215,17,220,14,205,27,210
2021-04-01 15:00:00,10,190,13,180,13,215,17,220,15,210,27,210
2021-04-01 16:00:00,12,185,14,180,12,210,17,220,17,215,29,215
2021-04-01 17:00:00,12,180,16,180,18,200,17,215,17,210,30,215
2021-04-01 18:00:00,10,190,20,180,20,195,17,210,11,210,33,215
2021-04-01 19:00:00,7,200,16,215,20,205,15,205,6,215,38,225
2021-04-01 20:00:00,14,200,19,230,20,200,18,210,11,190,44,230
2021-04-01 21:00:00,20,205,19,220,20,185,21,220,17,190,46,235
2021-04-01 22:00:00,19,200,20,225,19,185,21,220,19,200,47,235
2021-04-01 23:00:00,20,200,21,275,20,195,22,215,22,205,46,235
2021-04-02 00:00:00,21,200,30,300,22,195,24,210,23,210,47,240
2021-04-02 01:00:00,21,200,25,295,21,190,23,210,21,215,49,240
2021-04-02 02:00:00,23,205,23,285,19,200,24,210,21,215,48,245
2021-04-02 03:00:00,22,210,22,285,14,210,25,210,20,215,46,245
2021-04-02 04:00:00,21,205,20,290,11,200,25,210,21,215,47,245
2021-04-02 05:00:00,24,210,15,290,12,200,26,210,22,215,50,245
2021-04-02 06:00:00,23,205,12,285,11,200,26,210,21,215,52,250
2021-04-02 07:00:00,20,200,9,285,10,185,24,200,22,210,53,250
2021-04-02 08:00:00,20,195,7,290,10,190,26,195,21,205,50,250
2021-04-02 09:00:00,23,190,5,300,13,210,26,190,22,205,48,250
2021-04-02 10:00:00,23,190,2,295,13,220,24,185,24,200,47,250
2021-04-02 11:00:00,22,185,2,170,16,225,22,185,24,195,41,245
2021-04-02 12:00:00,23,185,7,175,16,220,21,190,23,190,38,245
2021-04-02 13:00:00,21,185,9,180,18,210,19,185,20,185,36,245
2021-04-02 14:00:00,22,185,11,165,17,230,19,190,20,190,35,245
2021-04-02 15:00:00,22,185,16,165,15,220,20,190,19,195,36,245
2021-04-02 16:00:00,24,190,14,185,17,205,21,190,19,185,37,245
2021-04-02 17:00:00,26,195,12,200,19,230,23,195,20,185,40,245
2021-04-02 18:00:00,21,200,17,200,15,210,24,200,23,185,41,250
2021-04-02 19:00:00,18,185,21,195,13,210,21,200,22,170,43,255
2021-04-02 20:00:00,18,200,22,195,12,210,22,210,24,175,43,265
2021-04-02 21:00:00,16,205,22,205,11,205,22,225,24,180,40,270
2021-04-02 22:00:00,10,190,20,205,11,185,19,220,25,175,36,275
2021-04-02 23:00:00,9,165,18,215,10,190,16,220,25,185,31,275
2021-04-03 00:00:00,11,165,16,235,11,200,15,210,23,190,27,280
2021-04-03 01:00:00,12,170,12,235,13,210,13,205,22,180,21,280
2021-04-03 02:00:00,12,175,10,245,15,210,11,200,20,175,20,270
2021-04-03 03:00:00,11,170,10,265,15,200,10,190,18,170,21,270
2021-04-03 04:00:00,13,165,6,280,13,195,8,170,16,160,21,270
2021-04-03 05:00:00,14,155,3,305,12,185,9,160,17,150,22,270
2021-04-03 06:00:00,15,150,2,130,12,185,10,150,18,145,19,270
2021-04-03 07:00:00,18,140,4,120,13,170,11,135,18,130,17,275
2021-04-03 08:00:00,20,135,8,135,13,155,12,120,18,125,15,275
2021-04-03 09:00:00,22,130,10,150,14,140,14,105,20,125,14,270
2021-04-03 10:00:00,25,125,10,150,14,135,16,95,20,125,12,270
2021-04-03 11:00:00,23,120,9,150,14,135,16,100,15,120,10,265
2021-04-03 12:00:00,24,115,7,140,13,130,17,100,14,120,8,250
2021-04-03 13:00:00,25,110,4,190,13,125,19,100,11,125,5,235
2021-04-03 14:00:00,24,105,6,300,13,130,19,100,11,135,6,225
2021-04-03 15:00:00,20,105,5,320,13,125,19,100,15,140,10,235
2021-04-03 16:00:00,16,110,6,30,13,125,18,100,11,110,9,230
2021-04-03 17:00:00,17,105,15,310,12,125,14,95,10,110,12,215
2021-04-03 18:00:00,20,110,24,330,13,125,18,105,12,120,20,255
2021-04-03 19:00:00,25,120,23,345,11,115,20,115,17,130,15,265
2021-04-03 20:00:00,24,135,23,10,12,120,22,135,19,130,12,195
2021-04-03 21:00:00,23,150,24,15,17,110,23,140,20,135,6,210
2021-04-03 22:00:00,28,160,23,10,18,110,23,145,24,140,8,270
2021-04-03 23:00:00,30,165,26,15,17,115,22,145,23,145,9,210
2021-04-04 00:00:00,29,155,24,25,17,135,20,145,23,165,10,205
2021-04-04 01:00:00,27,145,18,30,18,140,19,155,21,160,8,230
2021-04-04 02:00:00,25,145,16,35,19,140,21,165,20,145,10,240
2021-04-04 03:00:00,21,155,11,40,21,140,23,170,20,145,11,240
2021-04-04 04:00:00,22,165,11,25,23,155,22,175,19,140,12,245
2021-04-04 05:00:00,20,165,9,20,21,165,19,170,20,160,10,245
2021-04-04 06:00:00,18,160,9,10,20,175,20,170,19,165,9,240
2021-04-04 07:00:00,18,160,9,5,18,175,22,170,19,155,11,235
2021-04-04 08:00:00,19,160,6,25,16,160,21,165,17,165,10,225
2021-04-04 09:00:00,19,160,5,45,16,150,20,165,15,165,10,220
2021-04-04 10:00:00,16,170,4,80,14,140,20,165,15,165,10,215
2021-04-04 11:00:00,16,165,6,110,10,125,17,155,11,160,8,210
2021-04-04 12:00:00,16,160,10,140,10,120,15,160,11,160,9,205
2021-04-04 13:00:00,19,155,5,150,10,105,19,150,10,150,8,205
2021-04-04 14:00:00,26,165,2,90,10,115,20,150,14,135,7,200
2021-04-04 15:00:00,25,165,5,35,10,120,20,170,14,155,8,210
2021-04-04 16:00:00,25,145,14,25,12,100,25,160,23,185,8,210
2021-04-04 17:00:00,24,145,14,25,15,105,28,150,28,160,5,190
2021-04-04 18:00:00,28,155,19,20,15,115,26,160,25,145,7,170
2021-04-04 19:00:00,24,165,23,25,20,125,23,165,22,155,10,195
2021-04-04 20:00:00,24,175,25,30,15,140,22,170,20,155,11,205
2021-04-04 21:00:00,20,175,25,40,13,160,20,175,15,165,10,205
2021-04-04 22:00:00,16,165,22,45,19,140,18,165,12,165,8,200
2021-04-04 23:00:00,14,175,19,55,23,140,16,150,10,165,6,195
2021-04-05 00:00:00,10,165,14,70,19,140,17,140,11,170,6,195
2021-04-05 01:00:00,11,135,13,70,16,140,18,135,10,155,2,195
2021-04-05 02:00:00,12,145,12,55,14,115,18,135,11,160,1,180
2021-04-05 03:00:00,12,145,12,50,17,95,17,130,13,160,2,170
2021-04-05 04:00:00,12,135,13,50,22,90,17,130,14,155,2,170
2021-04-05 05:00:00,14,135,13,40,27,85,18,125,15,145,3,145
2021-04-05 06:00:00,15,130,13,55,29,85,20,125,15,140,5,145
2021-04-05 07:00:00,19,125,10,70,28,85,23,125,19,130,8,140
2021-04-05 08:00:00,23,125,9,80,29,90,24,125,20,130,10,135
2021-04-05 09:00:00,26,125,10,100,27,95,24,120,20,125,11,135
2021-04-05 10:00:00,25,125,8,115,24,100,23,120,18,125,11,140
2021-04-05 11:00:00,21,125,7,125,20,100,21,125,12,115,8,150
2021-04-05 12:00:00,17,130,6,135,19,100,21,135,11,105,7,175
2021-04-05 13:00:00,18,130,8,150,17,105,22,145,11,120,9,160
2021-04-05 14:00:00,17,130,9,145,15,120,23,150,10,130,9,175
2021-04-05 15:00:00,19,135,10,140,15,130,24,150,11,135,9,175
2021-04-05 16:00:00,19,150,13,140,14,140,27,145,13,120,8,170
2021-04-05 17:00:00,20,140,12,135,14,140,31,145,15,130,8,190
2021-04-05 18:00:00,26,150,13,140,14,130,30,145,14,130,8,195
2021-04-05 19:00:00,29,160,13,140,15,140,29,140,24,130,7,180
2021-04-05 20:00:00,35,160,10,115,16,135,32,140,23,155,7,165
2021-04-05 21:00:00,35,160,11,80,19,130,31,135,19,155,9,160
2021-04-05 22:00:00,34,150,12,65,19,135,29,135,24,150,10,145
2021-04-05 23:00:00,32,150,15,55,20,140,29,140,23,155,12,145
2021-04-06 00:00:00,30,150,15,45,15,145,29,145,20,155,12,145
2021-04-06 01:00:00,30,150,14,40,13,145,28,145,21,150,13,140
2021-04-06 02:00:00,29,155,8,0,11,150,27,145,20,155,15,135
2021-04-06 03:00:00,30,155,10,335,10,155,27,150,19,155,18,130
2021-04-06 04:00:00,29,155,10,360,10,145,27,150,18,160,19,125
2021-04-06 05:00:00,28,160,14,360,11,145,27,150,18,160,20,125
2021-04-06 06:00:00,26,160,12,0,13,140,27,150,18,165,20,125
2021-04-06 07:00:00,26,155,4,320,17,140,26,150,18,160,19,130
2021-04-06 08:00:00,27,150,2,345,18,140,24,150,19,155,20,130
2021-04-06 09:00:00,26,150,2,30,20,145,23,150,20,150,19,130
2021-04-06 10:00:00,25,155,1,35,22,150,22,160,20,150,19,130
2021-04-06 11:00:00,22,155,2,65,18,140,21,160,15,145,15,130
2021-04-06 12:00:00,19,160,2,70,15,145,19,160,11,160,12,125
2021-04-06 13:00:00,19,165,6,25,13,150,18,155,10,165,10,130
2021-04-06 14:00:00,19,170,8,15,13,155,17,150,8,165,9,130
2021-04-06 15:00:00,20,175,9,15,13,165,16,145,10,160,9,130
2021-04-06 16:00:00,20,175,11,20,13,165,16,140,12,180,10,130
2021-04-06 17:00:00,18,180,11,30,12,165,15,135,16,190,10,125
2021-04-06 18:00:00,16,185,11,35,10,165,14,125,17,190,10,110
2021-04-06 19:00:00,18,190,12,20,9,145,15,125,14,185,12,125
2021-04-06 20:00:00,18,180,13,15,9,120,15,120,12,180,11,140
2021-04-06 21:00:00,16,170,13,10,11,120,14,115,11,185,12,135
2021-04-06 22:00:00,13,165,12,25,12,130,14,105,10,200,12,130
2021-04-06 23:00:00,13,160,11,40,9,125,12,95,10,205,15,130
2021-04-07 00:00:00,13,160,8,50,10,120,11,105,10,215,14,135
2021-04-07 01:00:00,12,170,6,60,8,100,9,105,9,220,15,135
2021-04-07 02:00:00,10,170,3,50,11,75,7,95,6,210,15,130
2021-04-07 03:00:00,8,165,2,55,14,60,7,90,7,220,16,125
2021-04-07 04:00:00,6,170,1,340,13,50,7,75,6,215,16,120
2021-04-07 05:00:00,5,165,1,330,12,50,7,65,6,215,18,110
2021-04-07 06:00:00,5,165,3,320,10,55,5,65,4,205,19,110
2021-04-07 07:00:00,6,120,2,320,11,75,7,75,3,165,20,105
2021-04-07 08:00:00,8,110,2,315,10,80,8,75,4,135,21,105
2021-04-07 09:00:00,8,105,3,305,8,90,9,85,5,130,22,105
2021-04-07 10:00:00,6,110,2,285,9,100,9,90,5,105,21,110
2021-04-07 11:00:00,4,80,3,300,7,85,9,90,7,85,17,110
2021-04-07 12:00:00,6,35,2,295,6,85,7,85,5,80,14,110
2021-04-07 13:00:00,8,30,3,290,5,105,7,80,4,55,12,120
2021-04-07 14:00:00,7,30,4,280,3,140,7,75,5,70,10,130
2021-04-07 15:00:00,7,40,5,270,1,205,9,70,4,80,9,135
2021-04-07 16:00:00,7,50,5,265,3,270,10,70,4,75,9,120
2021-04-07 17:00:00,8,40,5,240,4,280,12,70,3,90,10,85
2021-04-07 18:00:00,11,45,2,205,4,250,14,70,5,100,17,110
2021-04-07 19:00:00,12,55,1,175,5,220,14,60,8,85,17,135
2021-04-07 20:00:00,5,50,2,210,7,215,12,55,9,80,15,130
2021-04-07 21:00:00,3,25,4,225,7,225,10,40,4,95,12,145
2021-04-07 22:00:00,5,25,6,215,8,225,8,40,3,125,13,155
2021-04-07 23:00:00,7,50,8,210,10,240,6,40,3,185,12,160
2021-04-08 00:00:00,6,60,10,210,11,240,3,25,3,235,11,165
2021-04-08 01:00:00,4,60,13,220,10,255,2,335,3,220,7,145
2021-04-08 02:00:00,1,30,13,230,11,270,3,280,2,205,4,110
2021-04-08 03:00:00,2,250,15,245,13,270,5,280,2,215,5,85
2021-04-08 04:00:00,3,235,18,255,11,285,6,285,2,215,7,75
2021-04-08 05:00:00,3,230,17,265,10,305,5,300,2,245,6,75
2021-04-08 06:00:00,2,255,15,265,12,320,5,330,2,250,7,90
2021-04-08 07:00:00,3,265,13,270,14,320,4,350,4,240,11,95
2021-04-08 08:00:00,3,260,12,275,13,315,4,10,4,230,13,95
2021-04-08 09:00:00,3,245,10,275,13,315,3,25,4,220,13,90
2021-04-08 10:00:00,4,255,8,275,9,325,2,30,4,225,13,90
2021-04-08 11:00:00,5,275,6,270,8,330,2,50,3,245,11,100
2021-04-08 12:00:00,5,275,5,260,8,325,2,55,4,250,8,115
2021-04-08 13:00:00,6,290,3,240,10,320,3,45,5,250,6,115
2021-04-08 14:00:00,6,300,5,210,10,320,4,25,8,255,5,110
2021-04-08 15:00:00,7,295,6,220,10,320,4,20,10,275,4,85
2021-04-08 16:00:00,6,310,8,230,13,320,2,50,7,270,4,70
2021-04-08 17:00:00,5,360,7,240,13,310,6,30,6,285,3,95
2021-04-08 18:00:00,3,320,6,260,13,310,7,20,5,280,2,195
2021-04-08 19:00:00,5,330,5,230,10,330,10,20,6,265,2,255
2021-04-08 20:00:00,0,245,3,195,9,335,9,15,7,260,2,330
2021-04-08 21:00:00,3,205,3,255,10,340,5,10,7,265,4,355
2021-04-08 22:00:00,4,235,3,265,8,350,5,5,5,255,5,360
2021-04-08 23:00:00,6,260,5,240,5,350,4,25,3,240,6,15
2021-04-09 00:00:00,6,290,7,240,3,355,5,55,2,240,7,15
2021-04-09 01:00:00,1,325,14,235,4,45,4,80,2,230,6,30
2021-04-09 02:00:00,1,280,14,250,5,75,4,85,3,230,5,40
2021-04-09 03:00:00,2,240,14,265,6,90,3,85,2,225,5,55
2021-04-09 04:00:00,2,225,14,275,5,95,2,65,2,215,5,70
2021-04-09 05:00:00,2,210,12,275,5,105,2,15,3,215,6,80
2021-04-09 06:00:00,2,205,9,275,4,110,2,5,2,220,8,85
2021-04-09 07:00:00,3,180,6,280,3,110,3,70,3,185,8,80
2021-04-09 08:00:00,4,165,5,280,3,100,4,80,3,155,8,75
2021-04-09 09:00:00,3,150,4,280,3,120,4,85,4,150,8,75
2021-04-09 10:00:00,3,125,4,280,6,120,4,100,6,145,8,75
2021-04-09 11:00:00,3,85,2,245,7,115,3,120,5,135,6,80
2021-04-09 12:00:00,5,80,1,180,6,110,4,95,5,125,5,70
2021-04-09 13:00:00,3,75,1,120,6,100,4,85,6,120,6,55
2021-04-09 14:00:00,1,65,0,85,6,100,3,110,4,130,5,45
2021-04-09 15:00:00,4,345,1,135,8,115,5,120,3,110,7,30
2021-04-09 16:00:00,5,55,6,230,9,115,4,80,4,185,8,30
2021-04-09 17:00:00,7,35,8,210,10,100,6,90,5,135,5,10
2021-04-09 18:00:00,11,25,7,185,7,95,10,90,4,95,7,350
2021-04-09 19:00:00,8,30,7,185,6,105,10,60,6,60,9,355
2021-04-09 20:00:00,9,60,10,180,8,90,6,50,10,65,11,10
2021-04-09 21:00:00,10,70,12,195,10,85,12,65,10,55,12,20
2021-04-09 22:00:00,11,80,14,205,13,105,10,55,11,75,12,40
2021-04-09 23:00:00,10,85,17,205,14,105,11,65,12,80,11,50
2021-04-10 00:00:00,13,85,18,200,14,120,15,75,14,80,13,50
2021-04-10 01:00:00,16,85,18,195,6,140,19,75,17,90,14,50
2021-04-10 02:00:00,17,90,16,195,2,190,20,80,18,95,13,65
2021-04-10 03:00:00,17,95,13,205,2,255,19,80,19,95,14,70
2021-04-10 04:00:00,19,100,11,215,3,255,19,90,20,100,15,75
2021-04-10 05:00:00,20,95,9,215,0,160,20,90,19,95,17,85
2021-04-10 06:00:00,20,95,7,210,3,95,19,90,19,90,18,85
2021-04-10 07:00:00,21,95,6,200,6,85,17,90,20,85,19,90
2021-04-10 08:00:00,21,95,5,185,8,85,18,90,21,80,21,85
2021-04-10 09:00:00,22,90,6,175,10,85,19,85,21,85,22,85
2021-04-10 10:00:00,20,90,9,165,14,90,20,80,21,85,23,85
2021-04-10 11:00:00,18,95,8,165,17,90,20,90,17,80,17,90
2021-04-10 12:00:00,17,95,7,165,16,90,18,95,14,90,14,90
2021-04-10 13:00:00,17,95,6,165,14,85,17,90,12,100,12,85
2021-04-10 14:00:00,16,95,5,170,13,85,15,90,11,110,11,90
2021-04-10 15:00:00,16,90,8,155,14,85,16,95,11,110,11,100
2021-04-10 16:00:00,16,85,13,140,13,95,16,90,11,110,10,110
2021-04-10 17:00:00,16,80,16,165,11,90,17,75,11,110,10,115
2021-04-10 18:00:00,17,70,20,170,11,85,19,60,11,110,10,120
2021-04-10 19:00:00,17,80,18,175,15,75,21,65,12,115,11,95
2021-04-10 20:00:00,19,85,19,160,16,70,22,75,14,105,11,80
2021-04-10 21:00:00,20,80,27,180,17,75,24,75,17,90,13,85
2021-04-10 22:00:00,20,80,20,195,17,85,24,75,18,85,14,95
2021-04-10 23:00:00,23,85,18,190,14,95,23,85,19,75,13,105
2021-04-11 00:00:00,22,80,19,185,11,95,24,85,21,75,12,105
2021-04-11 01:00:00,22,85,16,190,9,90,27,80,20,80,15,105
2021-04-11 02:00:00,22,85,15,200,9,90,25,80,20,75,16,110
2021-04-11 03:00:00,21,85,12,210,8,80,20,85,20,80,19,115
2021-04-11 04:00:00,20,85,11,210,7,70,16,95,21,80,22,115
2021-04-11 05:00:00,19,85,13,200,8,55,15,100,20,75,22,110
2021-04-11 06:00:00,20,85,13,195,11,60,15,105,20,75,23,110
2021-04-11 07:00:00,22,90,12,195,10,70,18,105,18,75,22,105
2021-04-11 08:00:00,23,100,13,190,12,80,19,105,19,75,23,100
2021-04-11 09:00:00,21,105,13,190,12,85,19,105,18,75,24,100
2021-04-11 10:00:00,19,105,14,190,12,85,18,100,16,75,23,100
2021-04-11 11:00:00,16,105,12,185,14,85,15,100,10,75,19,100
2021-04-11 12:00:00,14,95,12,185,13,85,12,100,10,80,17,105
2021-04-11 13:00:00,12,95,11,190,11,80,11,100,9,80,16,115
2021-04-11 14:00:00,12,95,11,185,9,75,9,100,8,80,15,115
2021-04-11 15:00:00,11,90,13,185,9,70,9,90,8,70,16,110
2021-04-11 16:00:00,13,80,14,185,8,70,11,95,9,70,21,105
2021-04-11 17:00:00,15,75,23,190,8,75,19,100,9,75,24,105
2021-04-11 18:00:00,10,70,22,190,7,85,16,110,11,90,25,105
2021-04-11 19:00:00,12,95,15,205,10,75,13,70,12,85,24,105
2021-04-11 20:00:00,7,65,9,185,11,75,13,85,15,100,22,100
2021-04-11 21:00:00,10,35,6,210,11,85,14,95,12,115,21,90
2021-04-11 22:00:00,9,30,10,195,14,75,17,85,11,65,20,95
2021-04-11 23:00:00,11,55,13,180,11,70,18,75,18,55,19,100
2021-04-12 00:00:00,10,55,15,180,10,70,14,65,18,65,19,105
2021-04-12 01:00:00,7,70,17,185,10,70,15,80,16,80,23,105
2021-04-12 02:00:00,12,90,17,200,8,65,16,95,12,85,23,105
2021-04-12 03:00:00,17,100,15,210,7,60,16,95,11,105,24,105
2021-04-12 04:00:00,19,110,13,220,6,60,18,100,11,120,26,105
2021-04-12 05:00:00,20,110,11,225,7,70,18,105,9,120,27,105
2021-04-12 06:00:00,21,105,9,225,7,65,19,110,9,115,29,100
2021-04-12 07:00:00,21,110,7,225,6,70,21,110,11,115,30,105
2021-04-12 08:00:00,22,110,7,220,6,80,21,110,13,110,31,110
2021-04-12 09:00:00,22,110,7,205,5,90,20,105,14,110,32,110
2021-04-12 10:00:00,21,110,8,200,5,120,19,105,13,110,25,110
2021-04-12 11:00:00,19,115,7,200,7,140,17,105,10,115,20,110
2021-04-12 12:00:00,15,115,6,190,4,135,15,110,6,125,18,115
2021-04-12 13:00:00,12,105,4,175,2,115,13,120,4,135,16,120
2021-04-12 14:00:00,12,100,4,165,0,130,11,125,3,160,15,130
2021-04-12 15:00:00,10,100,6,165,1,230,8,125,2,185,14,135
2021-04-12 16:00:00,12,105,5,145,3,290,8,125,2,130,13,125
2021-04-12 17:00:00,14,90,7,190,3,305,11,110,2,80,15,125
2021-04-12 18:00:00,12,85,10,200,2,250,12,110,4,110,15,125
2021-04-12 19:00:00,11,85,3,255,2,215,14,120,4,165,16,120
2021-04-12 20:00:00,3,150,11,230,3,125,13,135,1,255,15,130
2021-04-12 21:00:00,6,130,9,245,5,145,12,130,3,105,14,140
2021-04-12 22:00:00,6,125,10,200,7,155,11,130,6,65,12,135
2021-04-12 23:00:00,8,120,14,210,7,155,11,130,4,45,12,135
2021-04-13 00:00:00,8,110,16,210,4,140,11,130,6,90,11,125
2021-04-13 01:00:00,9,110,15,215,6,90,9,105,7,80,15,115
2021-04-13 02:00:00,7,135,13,215,4,95,7,120,6,90,17,105
2021-04-13 03:00:00,4,155,12,215,3,65,5,140,5,100,19,105
2021-04-13 04:00:00,3,145,11,215,5,55,5,150,4,85,20,110
2021-04-13 05:00:00,4,125,11,225,4,50,5,140,4,70,19,115
2021-04-13 06:00:00,5,120,11,235,5,60,6,140,5,75,19,120
2021-04-13 07:00:00,5,120,10,255,3,90,8,140,5,85,18,130
2021-04-13 08:00:00,5,125,9,260,3,110,10,135,5,90,18,130
2021-04-13 09:00:00,4,130,9,260,4,130,11,130,5,95,17,130
2021-04-13 10:00:00,4,125,8,260,3,130,11,125,4,115,14,125
2021-04-13 11:00:00,4,130,5,240,4,135,11,120,4,140,12,125
2021-04-13 12:00:00,7,135,6,230,5,155,10,115,7,150,8,130
2021-04-13 13:00:00,6,135,5,220,5,185,9,125,7,145,6,135
2021-04-13 14:00:00,7,140,6,195,6,180,10,130,7,160,5,130
2021-04-13 15:00:00,10,135,12,175,8,175,11,125,8,175,5,130
2021-04-13 16:00:00,12,125,14,225,10,190,11,130,11,180,5,155
2021-04-13 17:00:00,13,125,10,280,11,195,11,130,16,170,3,130
2021-04-13 18:00:00,14,130,16,310,16,185,12,130,15,175,2,40
2021-04-13 19:00:00,12,140,16,300,13,195,13,135,10,195,8,120
2021-04-13 20:00:00,9,165,13,285,14,210,11,145,10,200,12,95
2021-04-13 21:00:00,10,165,9,190,13,210,10,150,11,195,11,125
2021-04-13 22:00:00,9,160,19,200,8,205,9,150,8,205,10,150
2021-04-13 23:00:00,7,175,13,210,7,210,9,145,8,220,11,160
2021-04-14 00:00:00,9,200,12,240,9,215,10,150,12,220,12,165
2021-04-14 01:00:00,11,195,13,250,9,215,11,155,12,205,10,175
2021-04-14 02:00:00,14,205,15,260,8,235,11,165,11,210,8,190
2021-04-14 03:00:00,15,205,15,265,7,240,11,180,10,210,7,205
2021-04-14 04:00:00,16,200,14,270,5,220,11,185,11,215,9,230
2021-04-14 05:00:00,14,195,13,270,4,230,11,185,13,215,12,230
2021-04-14 06:00:00,13,190,12,270,4,245,11,180,12,210,12,225
2021-04-14 07:00:00,13,195,10,265,7,235,9,180,12,215,8,225
2021-04-14 08:00:00,13,195,9,265,6,245,9,185,11,215,7,225
2021-04-14 09:00:00,12,200,8,260,6,230,7,180,11,215,5,200
2021-04-14 10:00:00,10,210,8,260,8,220,7,185,11,215,6,185
2021-04-14 11:00:00,11,210,7,260,8,230,7,200,10,220,7,185
2021-04-14 12:00:00,10,215,6,250,8,230,6,215,11,220,9,200
2021-04-14 13:00:00,13,215,5,265,8,230,10,225,14,220,5,200
2021-04-14 14:00:00,12,215,5,150,9,235,10,235,16,215,5,215
2021-04-14 15:00:00,9,215,6,170,8,240,12,215,15,220,4,215
2021-04-14 16:00:00,13,230,3,290,8,205,9,205,13,210,5,220
2021-04-14 17:00:00,9,205,8,250,15,225,6,240,18,195,7,235
2021-04-14 18:00:00,16,240,22,265,14,230,6,245,13,215,8,275
2021-04-14 19:00:00,15,260,13,245,13,220,6,240,12,220,8,270
2021-04-14 20:00:00,18,240,23,210,18,225,8,245,13,230,7,255
2021-04-14 21:00:00,11,215,22,215,21,220,9,250,13,220,6,250
2021-04-14 22:00:00,9,210,18,215,17,230,8,240,10,200,6,240
2021-04-14 23:00:00,8,220,16,240,16,245,8,235,8,240,6,255
2021-04-15 00:00:00,7,215,15,255,22,260,9,245,6,275,5,265
2021-04-15 01:00:00,4,220,16,270,22,280,6,260,8,300,4,275
2021-04-15 02:00:00,4,215,17,270,19,295,6,285,8,290,4,280
2021-04-15 03:00:00,4,245,18,270,16,295,5,290,8,275,2,285
2021-04-15 04:00:00,6,255,20,275,13,285,4,275,7,265,2,260
2021-04-15 05:00:00,8,260,20,275,10,280,3,255,9,260,2,275
2021-04-15 06:00:00,9,255,20,280,10,285,2,205,11,260,2,275
2021-04-15 07:00:00,8,255,18,285,10,285,3,215,12,255,2,335
2021-04-15 08:00:00,6,245,16,290,9,280,3,240,11,250,2,15
2021-04-15 09:00:00,6,230,14,290,8,265,4,240,11,245,3,40
2021-04-15 10:00:00,5,220,12,295,8,250,5,245,10,245,4,55
2021-04-15 11:00:00,5,205,11,300,8,240,6,240,9,240,3,75
2021-04-15 12:00:00,7,210,10,300,8,225,7,225,10,230,2,60
2021-04-15 13:00:00,6,240,7,300,8,220,7,230,9,235,1,0
2021-04-15 14:00:00,6,255,3,305,9,220,6,235,9,235,2,315
2021-04-15 15:00:00,6,270,3,170,9,230,5,245,8,235,3,285
2021-04-15 16:00:00,7,275,9,180,10,230,3,280,8,235,5,260
2021-04-15 17:00:00,5,305,7,195,14,225,2,10,6,200,9,250
2021-04-15 18:00:00,5,285,13,195,13,220,1,300,11,200,10,255
2021-04-15 19:00:00,10,305,11,195,12,225,3,255,10,235,9,245
2021-04-15 20:00:00,8,320,14,195,10,225,3,285,10,235,4,250
2021-04-15 21:00:00,6,330,13,190,11,230,2,290,8,225,1,250
2021-04-15 22:00:00,5,315,15,195,11,225,1,285,9,235,2,190
2021-04-15 23:00:00,4,315,16,215,10,210,1,80,7,230,3,185
2021-04-16 00:00:00,2,345,16,230,11,200,3,125,7,215,3,190
2021-04-16 01:00:00,2,345,15,245,15,200,4,155,7,215,4,200
2021-04-16 02:00:00,0,295,14,265,16,195,6,170,9,210,4,210
2021-04-16 03:00:00,2,185,13,275,19,200,7,185,10,210,4,215
2021-04-16 04:00:00,4,200,12,280,19,210,7,195,12,210,4,220
2021-04-16 05:00:00,4,200,11,275,15,215,7,190,12,205,4,210
2021-04-16 06:00:00,5,200,9,270,13,225,9,185,13,200,3,215
2021-04-16 07:00:00,6,195,7,270,10,230,13,185,14,205,4,190
2021-04-16 08:00:00,8,180,6,275,9,220,14,185,13,205,5,175
2021-04-16 09:00:00,10,190,5,275,8,210,14,195,13,200,5,170
2021-04-16 10:00:00,11,190,4,285,8,185,16,200,16,190,5,165
2021-04-16 11:00:00,12,185,3,275,9,185,16,195,19,185,5,170
2021-04-16 12:00:00,12,185,1,190,10,180,15,195,17,185,5,185
2021-04-16 13:00:00,11,185,3,155,11,180,15,200,16,190,6,195
2021-04-16 14:00:00,12,190,6,165,11,180,16,200,16,190,8,210
2021-04-16 15:00:00,12,195,10,145,17,170,15,200,20,195,9,215
2021-04-16 16:00:00,15,200,5,180,18,185,17,205,31,195,9,210
2021-04-16 17:00:00,17,205,8,210,14,175,22,210,26,190,12,210
2021-04-16 18:00:00,11,200,7,255,20,185,20,215,25,195,10,215
2021-04-16 19:00:00,13,215,14,225,24,185,25,225,26,205,14,240
2021-04-16 20:00:00,14,225,3,280,33,185,26,230,21,210,17,245
2021-04-16 21:00:00,16,235,10,360,23,220,24,230,23,210,17,250
2021-04-16 22:00:00,17,240,13,345,24,215,23,225,22,205,17,255
2021-04-16 23:00:00,15,240,15,340,18,225,22,225,21,210,16,265
2021-04-17 00:00:00,13,225,12,345,14,220,22,225,20,220,15,265
2021-04-17 01:00:00,16,230,9,335,19,205,23,225,19,225,17,265
2021-04-17 02:00:00,14,240,8,335,20,215,20,230,17,235,18,275
2021-04-17 03:00:00,13,245,10,355,17,225,17,235,16,235,18,285
2021-04-17 04:00:00,13,255,6,10,13,230,15,230,15,235,15,285
2021-04-17 05:00:00,11,255,3,40,14,235,14,225,13,235,13,285
2021-04-17 06:00:00,9,245,5,75,14,235,13,220,13,225,12,280
2021-04-17 07:00:00,11,250,8,100,9,235,11,220,10,225,8,300
2021-04-17 08:00:00,10,250,8,120,6,240,9,220,9,220,4,310
2021-04-17 09:00:00,9,245,9,135,6,240,8,220,8,220,2,325
2021-04-17 10:00:00,8,240,9,150,3,250,7,225,9,210,2,315
2021-04-17 11:00:00,7,240,9,165,2,135,7,225,10,205,1,260
2021-04-17 12:00:00,6,250,10,185,5,120,6,230,10,215,2,250
2021-04-17 13:00:00,6,250,13,195,5,135,4,240,10,215,3,250
2021-04-17 14:00:00,7,255,13,200,4,155,4,255,9,225,4,250
2021-04-17 15:00:00,8,255,12,205,3,195,4,270,11,235,5,260
2021-04-17 16:00:00,8,260,14,200,4,200,4,300,11,235,5,280
2021-04-17 17:00:00,10,270,14,200,3,200,5,290,12,230,9,270
2021-04-17 18:00:00,10,285,11,215,2,185,6,285,12,225,10,275
2021-04-17 19:00:00,9,290,11,215,3,100,6,280,14,225,9,295
2021-04-17 20:00:00,8,290,8,215,6,100,6,280,16,230,1,305
2021-04-17 21:00:00,7,290,6,205,10,100,4,285,12,230,5,220
2021-04-17 22:00:00,2,295,5,205,10,120,2,280,11,235,4,235
2021-04-17 23:00:00,2,25,4,225,9,140,1,230,13,240,2,240
2021-04-18 00:00:00,2,105,3,235,10,150,2,190,10,235,3,235
2021-04-18 01:00:00,4,145,3,280,10,125,3,175,5,245,5,245
2021-04-18 02:00:00,5,170,5,310,9,115,5,180,4,225,5,245
2021-04-18 03:00:00,7,170,6,310,7,115,6,185,9,205,6,245
2021-04-18 04:00:00,8,175,7,310,7,115,8,185,11,205,7,255
2021-04-18 05:00:00,9,175,7,305,7,110,8,185,10,200,8,255
2021-04-18 06:00:00,11,175,7,305,8,125,9,185,10,200,9,260
2021-04-18 07:00:00,12,175,6,305,10,160,10,190,12,200,9,265
2021-04-18 08:00:00,13,175,4,300,12,180,9,190,13,200,9,270
2021-04-18 09:00:00,14,185,5,290,14,200,10,200,14,195,9,270
2021-04-18 10:00:00,15,195,5,285,17,210,11,210,15,200,9,275
2021-04-18 11:00:00,14,200,6,290,17,205,12,215,14,210,10,275
2021-04-18 12:00:00,12,210,5,285,16,185,11,215,15,210,9,260
2021-04-18 13:00:00,11,230,8,285,16,200,10,225,13,225,12,255
2021-04-18 14:00:00,12,250,8,280,13,215,11,235,13,220,13,250
2021-04-18 15:00:00,11,275,8,275,14,220,13,240,13,230,14,245
2021-04-18 16:00:00,11,295,7,265,16,225,16,245,13,240,14,250
2021-04-18 17:00:00,12,300,7,235,17,220,16,260,12,245,12,250
2021-04-18 18:00:00,10,300,10,225,19,210,18,265,11,235,13,255
2021-04-18 19:00:00,8,255,9,220,12,215,19,250,17,245,15,245
2021-04-18 20:00:00,7,215,9,210,16,215,14,240,17,235,16,255
2021-04-18 21:00:00,9,185,11,200,17,215,14,240,15,225,16,260
2021-04-18 22:00:00,8,190,11,210,16,205,17,240,15,195,18,255
2021-04-18 23:00:00,7,220,14,210,16,215,16,240,15,190,15,265
2021-04-19 00:00:00,8,245,14,225,18,215,13,240,14,195,16,260
2021-04-19 01:00:00,8,230,15,235,17,215,15,240,16,195,18,260
2021-04-19 02:00:00,8,235,14,245,19,225,18,235,16,205,19,255
2021-04-19 03:00:00,8,245,13,260,20,225,20,235,16,215,19,260
2021-04-19 04:00:00,10,245,11,270,20,215,22,235,17,215,19,255
2021-04-19 05:00:00,11,240,9,270,21,210,22,230,16,210,19,260
2021-04-19 06:00:00,11,225,8,265,21,210,21,235,15,210,18,260
2021-04-19 07:00:00,12,225,9,245,18,215,19,235,13,210,16,270
2021-04-19 08:00:00,12,225,9,240,17,220,18,235,13,205,15,265
2021-04-19 09:00:00,12,225,10,240,16,230,18,230,13,205,16,270
2021-04-19 10:00:00,11,225,10,250,15,240,17,230,12,210,18,275
2021-04-19 11:00:00,11,235,5,240,11,240,17,230,11,205,19,270
2021-04-19 12:00:00,10,240,3,230,10,230,17,230,12,220,19,265
2021-04-19 13:00:00,10,260,2,310,13,230,17,240,13,220,20,265
2021-04-19 14:00:00,11,275,3,60,12,240,16,240,13,225,19,260
2021-04-19 15:00:00,13,285,3,145,11,245,16,245,14,230,20,260
2021-04-19 16:00:00,14,280,5,210,10,240,17,250,17,235,26,265
2021-04-19 17:00:00,11,280,9,210,11,230,16,250,17,235,25,265
2021-04-19 18:00:00,8,190,8,215,12,230,15,240,17,230,22,265
2021-04-19 19:00:00,14,225,9,190,15,215,18,245,15,230,19,270
2021-04-19 20:00:00,11,250,11,180,6,255,16,255,19,235,19,265
2021-04-19 21:00:00,19,280,14,195,8,205,13,265,11,205,20,260
2021-04-19 22:00:00,12,290,18,205,8,220,13,270,16,205,24,260
2021-04-19 23:00:00,11,280,19,215,11,245,12,255,9,225,25,265
2021-04-20 00:00:00,12,280,18,220,13,230,12,240,9,245,27,270
2021-04-20 01:00:00,11,260,16,225,17,225,15,215,12,225,28,265
2021-04-20 02:00:00,10,245,15,230,20,225,14,215,12,230,28,270
2021-04-20 03:00:00,9,220,15,240,18,225,14,215,10,225,29,275
2021-04-20 04:00:00,8,215,15,250,16,230,16,210,9,210,28,275
2021-04-20 05:00:00,9,220,13,255,18,230,17,215,9,205,26,270
2021-04-20 06:00:00,8,225,12,255,16,230,17,220,11,200,24,275
2021-04-20 07:00:00,8,230,10,250,14,225,17,220,14,200,21,290
2021-04-20 08:00:00,7,235,9,250,14,225,15,220,14,200,19,290
2021-04-20 09:00:00,7,240,7,255,14,230,13,215,14,205,18,300
2021-04-20 10:00:00,6,250,6,255,13,240,12,215,13,215,17,305
2021-04-20 11:00:00,5,260,4,255,11,240,11,220,11,210,14,300
2021-04-20 12:00:00,6,280,3,265,11,240,10,225,9,215,13,280
2021-04-20 13:00:00,7,305,2,310,10,245,8,225,7,220,12,275
2021-04-20 14:00:00,7,320,0,225,10,235,6,215,8,225,12,270
2021-04-20 15:00:00,6,325,3,210,11,235,5,215,5,235,12,270
2021-04-20 16:00:00,6,335,11,215,12,240,4,230,4,255,10,270
2021-04-20 17:00:00,5,350,11,210,12,240,4,250,5,275,10,270
2021-04-20 18:00:00,5,355,11,220,10,235,3,285,5,250,7,290
2021-04-20 19:00:00,7,10,12,220,13,225,3,310,5,225,9,285
2021-04-20 20:00:00,7,35,12,210,13,220,2,300,1,275,8,275
2021-04-20 21:00:00,11,65,15,200,9,225,1,135,4,5,8,265
2021-04-20 22:00:00,13,70,20,195,8,220,3,140,3,360,7,255
2021-04-20 23:00:00,14,80,22,205,10,205,6,165,3,20,5,260
2021-04-21 00:00:00,13,95,20,205,11,205,7,175,6,90,5,265
2021-04-21 01:00:00,12,100,19,210,11,205,8,180,7,110,7,250
2021-04-21 02:00:00,11,100,17,220,11,210,8,180,7,110,8,240
2021-04-21 03:00:00,11,95,15,230,11,210,7,185,6,105,8,230
2021-04-21 04:00:00,9,90,14,240,11,205,8,185,5,100,8,230
2021-04-21 05:00:00,8,95,12,250,12,205,7,185,6,105,8,225
2021-04-21 06:00:00,8,100,11,265,12,205,7,185,7,105,8,220
2021-04-21 07:00:00,5,80,9,270,11,200,7,200,6,105,7,225
2021-04-21 08:00:00,5,75,8,270,11,200,7,205,6,110,8,225
2021-04-21 09:00:00,4,80,7,270,10,200,8,215,7,120,8,235
2021-04-21 10:00:00,5,80,5,275,10,205,8,215,6,120,8,245
2021-04-21 11:00:00,4,100,2,270,10,210,7,205,8,155,10,250
2021-04-21 12:00:00,4,105,1,345,9,210,7,210,8,145,11,250
2021-04-21 13:00:00,3,105,2,355,9,215,6,215,7,160,11,250
2021-04-21 14:00:00,2,100,1,355,7,225,6,225,8,165,11,255
2021-04-21 15:00:00,1,320,1,270,7,225,6,255,6,180,10,255
2021-04-21 16:00:00,4,295,4,200,7,230,6,270,5,185,12,255
2021-04-21 17:00:00,6,325,13,200,8,235,6,300,5,190,12,255
2021-04-21 18:00:00,3,0,16,210,7,225,5,320,4,175,8,260
2021-04-21 19:00:00,4,5,12,215,10,205,10,290,5,180,7,265
2021-04-21 20:00:00,8,40,13,200,10,210,11,290,7,190,5,245
2021-04-21 21:00:00,8,45,18,205,8,210,9,290,5,195,4,235
2021-04-21 22:00:00,8,40,21,215,7,200,6,290,2,195,4,265
2021-04-21 23:00:00,7,50,19,220,9,195,4,290,2,165,3,270
2021-04-22 00:00:00,6,65,16,235,10,200,2,290,2,175,3,280
2021-04-22 01:00:00,3,70,16,245,9,195,4,255,4,185,2,295
2021-04-22 02:00:00,3,75,17,255,8,200,6,240,5,195,3,285
2021-04-22 03:00:00,2,70,17,260,8,200,8,240,6,210,4,285
2021-04-22 04:00:00,2,65,16,265,8,195,8,225,6,200,5,285
2021-04-22 05:00:00,0,335,14,270,8,200,8,225,6,190,6,285
2021-04-22 06:00:00,1,190,13,275,6,205,8,220,7,190,6,280
2021-04-22 07:00:00,2,260,11,285,4,220,7,235,6,190,5,290
2021-04-22 08:00:00,3,275,11,290,5,230,6,235,6,200,5,300
2021-04-22 09:00:00,5,275,10,290,5,225,5,245,5,215,6,305
2021-04-22 10:00:00,6,290,7,290,5,225,5,235,5,235,8,300
2021-04-22 11:00:00,7,295,4,295,5,220,6,245,7,210,10,290
2021-04-22 12:00:00,7,310,2,330,4,240,5,265,6,210,13,285
2021-04-22 13:00:00,9,315,3,360,6,270,6,280,6,200,17,285
2021-04-22 14:00:00,11,315,1,335,6,290,7,290,5,210,18,295
2021-04-22 15:00:00,12,315,4,235,5,295,9,305,5,210,19,295
2021-04-22 16:00:00,12,310,10,215,3,315,9,320,7,205,19,315
2021-04-22 17:00:00,11,295,16,225,9,275,8,325,7,235,24,330
2021-04-22 18:00:00,8,300,16,215,11,250,9,325,3,190,17,330
2021-04-22 19:00:00,10,290,12,230,12,225,12,330,7,245,14,320
2021-04-22 20:00:00,12,285,19,235,10,235,11,320,6,245,8,260
2021-04-22 21:00:00,13,285,21,240,3,230,9,305,7,225,13,255
2021-04-22 22:00:00,11,285,20,265,2,160,7,300,7,235,15,265
2021-04-22 23:00:00,10,285,24,285,5,130,6,295,10,220,16,270
2021-04-23 00:00:00,7,255,22,305,10,170,4,285,12,210,17,275
2021-04-23 01:00:00,6,235,15,285,16,190,4,230,14,200,15,280
2021-04-23 02:00:00,8,250,15,270,17,200,5,230,15,205,16,275
2021-04-23 03:00:00,8,250,13,265,19,215,7,220,17,210,16,275
2021-04-23 04:00:00,8,250,11,260,20,225,7,225,15,205,16,280
2021-04-23 05:00:00,8,250,12,270,18,225,7,235,13,205,16,290
2021-04-23 06:00:00,7,255,12,275,18,230,6,240,12,210,17,285
2021-04-23 07:00:00,7,265,11,280,14,235,5,235,11,215,19,275
2021-04-23 08:00:00,8,270,10,280,13,240,5,215,11,220,20,270
2021-04-23 09:00:00,9,270,11,280,11,245,5,220,11,225,22,265
2021-04-23 10:00:00,10,275,9,280,12,250,4,215,11,235,23,265
2021-04-23 11:00:00,11,265,6,275,11,245,4,215,13,225,22,265
2021-04-23 12:00:00,11,265,2,295,10,245,4,240,12,220,22,265
2021-04-23 13:00:00,11,270,1,70,8,245,5,265,11,215,23,270
2021-04-23 14:00:00,12,280,2,160,7,250,5,280,9,220,24,265
2021-04-23 15:00:00,12,290,5,205,8,250,7,275,9,225,26,265
2021-04-23 16:00:00,13,285,11,220,8,250,9,270,10,235,28,265
2021-04-23 17:00:00,17,280,15,225,7,245,13,260,10,235,24,265
2021-04-23 18:00:00,11,280,14,225,6,220,12,270,13,235,22,270
2021-04-23 19:00:00,7,265,15,245,8,185,12,260,18,230,17,275
2021-04-23 20:00:00,5,250,24,250,15,200,11,250,18,230,16,275
2021-04-23 21:00:00,10,225,22,240,19,205,9,240,22,225,14,275
2021-04-23 22:00:00,10,235,22,260,19,195,8,220,19,225,15,280
2021-04-23 23:00:00,11,230,23,285,18,190,8,210,21,220,14,290
2021-04-24 00:00:00,11,215,21,285,18,190,12,220,22,215,16,290
2021-04-24 01:00:00,11,235,16,275,17,190,14,230,19,215,18,285
2021-04-24 02:00:00,11,245,17,265,18,200,13,230,17,210,19,280
2021-04-24 03:00:00,8,250,17,265,20,200,13,240,16,215,20,275
2021-04-24 04:00:00,6,255,17,265,23,200,13,235,16,225,22,270
2021-04-24 05:00:00,6,275,19,260,21,210,11,240,13,225,24,265
2021-04-24 06:00:00,7,285,17,255,18,215,9,240,11,215,25,260
2021-04-24 07:00:00,9,295,13,260,10,220,8,255,9,195,23,260
2021-04-24 08:00:00,7,295,10,260,6,225,5,270,8,190,21,260
2021-04-24 09:00:00,6,290,7,260,4,240,3,270,8,200,20,260
2021-04-24 10:00:00,5,275,6,255,3,250,2,275,8,200,18,255
2021-04-24 11:00:00,6,275,5,245,5,220,1,255,9,195,17,250
2021-04-24 12:00:00,6,275,4,225,4,195,3,185,11,195,19,250
2021-04-24 13:00:00,5,275,2,240,5,190,5,175,10,180,19,245
2021-04-24 14:00:00,3,290,1,140,5,185,5,185,11,180,18,245
2021-04-24 15:00:00,1,65,4,145,6,175,5,175,12,185,15,245
2021-04-24 16:00:00,2,85,9,205,8,170,5,175,14,185,15,240
2021-04-24 17:00:00,0,315,16,210,12,165,10,220,14,190,13,235
2021-04-24 18:00:00,2,275,13,200,16,160,4,200,19,180,12,240
2021-04-24 19:00:00,5,180,13,225,20,170,2,240,15,190,12,235
2021-04-24 20:00:00,6,185,18,235,25,170,4,255,16,195,10,230
2021-04-24 21:00:00,5,205,19,230,25,170,6,245,14,185,9,220
2021-04-24 22:00:00,3,230,19,220,25,170,5,250,10,200,10,225
2021-04-24 23:00:00,3,225,17,235,26,175,5,265,8,195,13,225
2021-04-25 00:00:00,4,230,16,240,22,175,6,260,11,195,15,230
2021-04-25 01:00:00,9,220,15,245,20,185,8,255,18,200,16,240
2021-04-25 02:00:00,10,215,16,245,18,185,9,250,19,205,17,255
2021-04-25 03:00:00,10,215,15,235,17,190,11,225,19,215,19,260
2021-04-25 04:00:00,10,210,15,240,16,190,13,210,16,210,20,265
2021-04-25 05:00:00,8,210,12,250,17,195,15,210,13,205,20,265
2021-04-25 06:00:00,7,225,11,250,17,195,14,215,13,205,20,265
2021-04-25 07:00:00,7,235,12,255,15,195,14,225,11,200,22,260
2021-04-25 08:00:00,8,245,10,260,13,190,12,235,12,195,22,260
2021-04-25 09:00:00,7,260,8,260,13,190,10,245,11,185,23,265
2021-04-25 10:00:00,6,275,6,240,13,190,9,250,11,185,21,265
2021-04-25 11:00:00,6,285,5,220,12,185,8,240,13,185,16,260
2021-04-25 12:00:00,4,305,7,200,11,180,7,235,12,175,16,260
2021-04-25 13:00:00,3,325,6,195,9,175,7,230,10,160,17,255
2021-04-25 14:00:00,3,350,8,195,9,165,7,230,9,170,16,250
2021-04-25 15:00:00,3,25,12,175,9,155,7,230,11,165,16,250
2021-04-25 16:00:00,3,40,15,190,12,155,7,240,13,155,22,260
2021-04-25 17:00:00,1,55,10,230,13,170,7,240,13,165,21,260
2021-04-25 18:00:00,4,195,8,285,20,175,7,225,13,175,16,255
2021-04-25 19:00:00,2,240,13,345,18,160,7,215,11,170,13,250
2021-04-25 20:00:00,1,160,21,315,20,180,7,225,12,165,12,245
2021-04-25 21:00:00,5,105,11,300,18,185,8,245,15,175,15,245
2021-04-25 22:00:00,6,115,9,280,16,170,9,250,15,165,17,250
2021-04-25 23:00:00,7,125,7,250,16,170,7,240,15,140,17,255
2021-04-26 00:00:00,7,120,7,240,15,180,4,235,15,120,17,260
2021-04-26 01:00:00,10,120,9,225,11,155,3,210,14,125,19,260
2021-04-26 02:00:00,11,115,10,240,11,130,5,190,13,125,19,265
2021-04-26 03:00:00,11,125,9,245,10,135,6,190,14,120,19,265
2021-04-26 04:00:00,11,135,8,255,11,145,7,190,16,115,20,265
2021-04-26 05:00:00,13,140,8,265,13,145,8,190,15,120,19,265
2021-04-26 06:00:00,14,140,6,265,15,145,8,180,15,130,19,265
2021-04-26 07:00:00,12,145,4,210,15,155,9,185,12,135,18,265
2021-04-26 08:00:00,12,155,6,205,14,160,10,180,12,140,18,265
2021-04-26 09:00:00,11,155,6,215,14,170,10,180,10,140,18,270
2021-04-26 10:00:00,9,160,7,215,11,175,11,185,9,150,19,270
2021-04-26 11:00:00,8,155,6,215,11,175,12,190,8,170,18,265
2021-04-26 12:00:00,7,160,6,205,12,180,13,190,8,165,17,255
2021-04-26 13:00:00,4,165,6,210,10,185,12,195,5,165,16,260
2021-04-26 14:00:00,4,165,6,195,12,195,11,195,5,175,16,265
2021-04-26 15:00:00,3,160,12,175,14,195,11,190,4,200,15,260
2021-04-26 16:00:00,2,190,7,160,12,205,10,200,8,245,17,250
2021-04-26 17:00:00,4,215,8,165,16,205,13,205,3,185,24,260
2021-04-26 18:00:00,4,185,18,215,21,195,12,220,8,190,24,270
2021-04-26 19:00:00,5,230,19,240,13,185,14,220,10,175,24,275
2021-04-26 20:00:00,8,210,31,290,9,185,18,235,12,220,22,270
2021-04-26 21:00:00,9,195,24,315,6,120,17,240,13,195,21,265
2021-04-26 22:00:00,6,225,22,320,8,135,13,240,18,215,21,265
2021-04-26 23:00:00,4,235,14,320,6,145,15,245,17,215,22,270
2021-04-27 00:00:00,7,240,7,345,5,105,15,245,16,225,22,265
2021-04-27 01:00:00,6,240,6,325,6,125,16,225,10,205,22,275
2021-04-27 02:00:00,4,180,3,295,9,160,15,230,9,180,21,280
2021-04-27 03:00:00,7,190,4,235,9,140,13,230,8,180,19,275
2021-04-27 04:00:00,6,170,4,240,16,150,11,230,10,170,18,280
2021-04-27 05:00:00,7,165,3,215,15,165,12,225,11,185,18,280
2021-04-27 06:00:00,8,165,6,165,12,170,13,225,10,180,18,275
2021-04-27 07:00:00,6,175,8,175,11,195,9,230,8,185,16,280
2021-04-27 08:00:00,4,195,8,185,6,195,6,235,8,190,13,280
2021-04-27 09:00:00,2,235,9,180,2,270,5,240,7,185,12,285
2021-04-27 10:00:00,1,5,10,170,5,320,3,235,6,155,11,285
2021-04-27 11:00:00,2,10,11,165,4,10,1,155,7,145,11,270
2021-04-27 12:00:00,4,20,12,170,3,70,2,125,6,115,12,270
2021-04-27 13:00:00,5,45,11,175,4,100,3,105,9,105,13,285
2021-04-27 14:00:00,6,60,12,180,4,120,3,115,9,105,13,290
2021-04-27 15:00:00,6,75,15,185,3,120,3,110,8,105,12,305
2021-04-27 16:00:00,10,95,18,160,4,70,4,105,9,110,13,310
2021-04-27 17:00:00,11,100,18,150,5,55,5,100,9,110,12,320
2021-04-27 18:00:00,11,80,15,175,7,60,8,105,12,110,9,330
2021-04-27 19:00:00,7,110,17,185,11,70,8,110,19,125,9,350
2021-04-27 20:00:00,11,115,15,180,15,75,5,135,23,150,6,0
2021-04-27 21:00:00,11,140,12,180,19,85,5,140,27,155,9,5
2021-04-27 22:00:00,12,165,13,175,19,90,8,135,22,155,11,10
2021-04-27 23:00:00,14,145,18,180,18,100,8,140,19,160,9,5
2021-04-28 00:00:00,14,140,12,195,17,100,10,140,17,155,8,5
2021-04-28 01:00:00,13,135,12,195,16,95,11,130,14,160,7,10
2021-04-28 02:00:00,11,130,14,195,15,100,11,120,13,165,6,360
2021-04-28 03:00:00,9,120,14,200,14,100,10,110,11,165,6,355
2021-04-28 04:00:00,7,115,12,210,15,95,10,105,10,160,5,355
2021-04-28 05:00:00,9,120,9,200,16,90,9,105,10,140,4,345
2021-04-28 06:00:00,9,130,9,180,16,85,10,105,10,130,4,355
2021-04-28 07:00:00,9,125,12,175,14,95,11,100,10,120,5,20
2021-04-28 08:00:00,11,120,14,170,13,100,12,95,11,120,6,30
2021-04-28 09:00:00,13,120,15,165,12,110,12,95,12,120,6,35
2021-04-28 10:00:00,15,115,13,165,12,115,12,95,13,125,6,40
2021-04-28 11:00:00,15,110,13,170,10,110,12,100,12,125,4,35
2021-04-28 12:00:00,13,105,13,170,9,125,12,105,8,115,3,5
2021-04-28 13:00:00,12,100,10,170,9,125,13,110,6,100,4,350
2021-04-28 14:00:00,12,95,10,170,9,125,14,115,5,100,3,345
2021-04-28 15:00:00,14,100,11,165,8,120,14,110,5,115,4,360
2021-04-28 16:00:00,15,105,12,170,7,120,14,115,4,120,5,355
2021-04-28 17:00:00,14,115,16,175,7,120,16,115,6,120,4,340
2021-04-28 18:00:00,12,115,18,175,11,125,16,120,12,120,6,350
2021-04-28 19:00:00,16,120,14,165,11,135,20,120,13,120,1,0
2021-04-28 20:00:00,17,135,13,175,13,120,22,125,13,125,4,30
2021-04-28 21:00:00,20,150,10,170,15,115,25,140,14,145,4,100
2021-04-28 22:00:00,24,155,9,165,15,125,26,145,16,155,5,115
2021-04-28 23:00:00,23,150,11,170,15,120,25,145,15,155,5,125
2021-04-29 00:00:00,22,140,11,170,13,110,24,150,15,165,5,115
2021-04-29 01:00:00,17,150,10,170,12,125,24,155,13,160,6,115
2021-04-29 02:00:00,14,155,8,165,12,150,25,155,12,170,5,100
2021-04-29 03:00:00,13,150,7,165,23,170,25,160,10,165,4,105
2021-04-29 04:00:00,13,155,6,160,18,155,24,165,8,155,4,110
2021-04-29 05:00:00,14,150,5,160,14,160,21,160,10,165,4,110
2021-04-29 06:00:00,15,150,6,160,24,175,20,160,13,160,3,110
2021-04-29 07:00:00,13,145,10,160,27,150,19,160,11,150,2,60
2021-04-29 08:00:00,14,140,10,155,23,150,18,155,13,140,1,30
2021-04-29 09:00:00,14,145,10,150,21,145,18,150,13,140,1,190
2021-04-29 10:00:00,13,150,7,145,17,135,16,150,10,135,1,225
2021-04-29 11:00:00,14,155,6,145,15,115,16,150,10,135,1,260
2021-04-29 12:00:00,13,160,7,145,15,100,16,150,11,135,2,290
2021-04-29 13:00:00,12,165,7,155,17,80,15,155,13,150,1,15
2021-04-29 14:00:00,13,165,8,150,19,70,15,150,14,155,1,65
2021-04-29 15:00:00,16,170,9,150,20,65,15,145,14,160,2,60
2021-04-29 16:00:00,16,175,12,150,22,65,14,140,14,165,5,55
2021-04-29 17:00:00,13,170,15,150,21,70,14,140,14,165,7,60
2021-04-29 18:00:00,13,145,18,150,21,70,15,135,15,150,5,135
2021-04-29 19:00:00,16,155,16,155,18,70,16,135,16,155,6,95
2021-04-29 20:00:00,13,180,16,165,20,80,17,145,14,145,6,45
2021-04-29 21:00:00,13,170,18,160,20,90,12,150,11,130,9,95
2021-04-29 22:00:00,12,175,18,165,20,100,9,145,9,125,10,135
2021-04-29 23:00:00,10,175,18,170,21,120,8,145,9,140,9,115
2021-04-30 00:00:00,11,160,16,175,20,125,8,140,8,155,8,110
2021-04-30 01:00:00,13,150,13,160,19,130,9,140,11,165,6,130
2021-04-30 02:00:00,14,145,13,150,16,130,8,140,10,160,5,140
2021-04-30 03:00:00,14,145,14,145,13,130,10,145,10,160,4,155
2021-04-30 04:00:00,15,145,14,150,13,135,12,150,11,170,3,170
2021-04-30 05:00:00,16,150,15,155,12,135,12,150,10,175,4,140
2021-04-30 06:00:00,16,150,16,160,9,145,13,155,9,175,6,135
2021-04-30 07:00:00,18,150,14,160,8,170,15,155,11,165,9,125
2021-04-30 08:00:00,19,145,14,165,8,190,15,150,12,155,9,120
2021-04-30 09:00:00,19,145,12,165,8,200,15,145,12,150,10,110
2021-04-30 10:00:00,17,150,7,170,6,210,16,145,12,145,10,110
2021-04-30 11:00:00,15,150,5,170,4,205,16,140,11,140,10,110
2021-04-30 12:00:00,14,150,5,155,2,150,14,140,7,135,9,110
2021-04-30 13:00:00,11,150,4,170,3,245,11,140,4,135,7,105
2021-04-30 14:00:00,9,160,4,175,2,215,11,140,3,130,8,125
2021-04-30 15:00:00,9,155,5,170,3,190,11,135,2,165,8,140
2021-04-30 16:00:00,10,155,8,170,5,170,9,130,4,205,6,150
2021-04-30 17:00:00,10,165,10,165,7,160,8,130,6,205,5,150
2021-04-30 18:00:00,10,180,12,175,9,160,8,140,6,195,4,150
2021-04-30 19:00:00,16,180,11,180,7,145,11,140,10,180,5,140
2021-04-30 20:00:00,18,175,12,190,10,150,13,135,12,180,5,135
2021-04-30 21:00:00,19,175,13,185,14,160,16,140,12,175,7,125
2021-04-30 22:00:00,21,170,15,175,16,155,22,140,13,175,9,125
2021-04-30 23:00:00,20,160,16,180,19,165,24,140,15,175,10,130
2021-05-01 00:00:00,20,160,14,185,22,170,25,145,15,185,11,135
2021-05-01 01:00:00,20,160,12,195,21,175,23,155,14,180,12,130
2021-05-01 02:00:00,21,160,11,205,22,185,23,160,13,175,13,130
2021-05-01 03:00:00,22,155,10,210,20,190,22,160,13,175,15,135
2021-05-01 04:00:00,23,155,8,210,19,185,20,165,13,180,14,140
2021-05-01 05:00:00,20,165,6,195,17,185,19,160,14,190,14,140
2021-05-01 06:00:00,20,185,6,170,15,190,17,160,16,190,14,145
2021-05-01 07:00:00,20,185,8,170,14,195,16,155,14,190,14,140
2021-05-01 08:00:00,19,180,7,190,14,195,15,150,13,185,13,140
2021-05-01 09:00:00,18,180,4,210,13,200,14,145,13,180,12,130
2021-05-01 10:00:00,17,185,5,165,12,200,15,140,13,185,11,120
2021-05-01 11:00:00,17,185,4,170,11,205,14,140,12,190,10,105
2021-05-01 12:00:00,16,175,3,210,10,210,14,140,10,190,11,95
2021-05-01 13:00:00,14,160,3,240,8,205,16,140,7,200,12,90
2021-05-01 14:00:00,13,160,2,280,8,205,15,135,7,220,14,95
2021-05-01 15:00:00,13,155,2,275,8,205,15,130,7,225,14,105
2021-05-01 16:00:00,12,155,4,220,9,200,15,130,6,235,11,115
2021-05-01 17:00:00,11,145,9,200,10,200,15,120,6,240,11,130
2021-05-01 18:00:00,10,125,13,200,12,200,15,115,5,245,11,125
2021-05-01 19:00:00,10,115,13,205,13,205,14,120,4,255,13,115
2021-05-01 20:00:00,5,130,14,215,11,195,13,115,4,250,15,110
2021-05-01 21:00:00,7,150,11,225,11,175,11,120,6,240,18,105
2021-05-01 22:00:00,9,175,10,220,14,175,9,120,6,240,19,100
2021-05-01 23:00:00,8,170,11,220,15,180,10,125,7,230,17,105
2021-05-02 00:00:00,10,155,12,225,16,185,11,120,6,210,18,110
2021-05-02 01:00:00,11,150,10,235,15,190,13,110,5,190,19,110
2021-05-02 02:00:00,11,145,9,240,14,195,14,105,4,190,21,110
2021-05-02 03:00:00,11,145,9,240,14,200,14,105,3,190,23,110
2021-05-02 04:00:00,11,145,9,230,15,205,14,105,3,180,25,115
2021-05-02 05:00:00,12,145,8,230,15,200,14,105,4,155,26,115
2021-05-02 06:00:00,13,145,8,230,15,200,15,110,5,150,26,115
2021-05-02 07:00:00,13,140,8,230,14,205,15,110,6,145,28,115
2021-05-02 08:00:00,13,130,8,235,15,205,15,110,7,145,28,110
2021-05-02 09:00:00,13,125,9,235,15,200,15,115,8,150,27,110
2021-05-02 10:00:00,12,125,10,220,13,205,14,115,8,155,24,105
2021-05-02 11:00:00,10,125,8,215,11,200,13,110,6,165,20,105
2021-05-02 12:00:00,7,130,9,220,8,190,12,115,6,190,19,105
2021-05-02 13:00:00,6,130,11,225,8,195,10,115,6,205,17,100
2021-05-02 14:00:00,5,140,10,225,8,210,10,120,7,220,18,105
2021-05-02 15:00:00,5,145,8,215,8,225,12,120,7,225,19,100
2021-05-02 16:00:00,5,140,10,205,8,225,13,110,6,225,17,95
2021-05-02 17:00:00,5,125,14,220,9,225,13,105,7,215,18,95
2021-05-02 18:00:00,7,75,16,225,11,220,13,100,7,205,18,105
2021-05-02 19:00:00,5,85,15,220,14,225,9,105,6,200,20,110
2021-05-02 20:00:00,5,85,14,210,14,220,7,110,5,220,20,105
2021-05-02 21:00:00,2,110,14,210,15,215,6,110,6,245,23,100
2021-05-02 22:00:00,1,95,15,215,14,210,5,105,7,260,24,100
2021-05-02 23:00:00,3,70,15,230,13,205,6,100,7,275,24,105
2021-05-03 00:00:00,5,80,13,230,12,200,9,105,5,290,24,110
2021-05-03 01:00:00,7,95,13,240,10,210,10,110,2,340,28,115
2021-05-03 02:00:00,8,100,12,250,10,210,10,110,3,55,29,110
2021-05-03 03:00:00,9,100,13,255,9,220,11,105,5,85,31,110
2021-05-03 04:00:00,9,105,13,260,8,230,11,105,6,90,32,110
2021-05-03 05:00:00,9,105,14,270,8,230,12,105,7,95,33,110
2021-05-03 06:00:00,9,115,14,275,8,220,13,110,7,100,34,110
2021-05-03 07:00:00,11,125,13,275,7,215,15,110,7,110,36,105
2021-05-03 08:00:00,11,130,11,275,7,200,16,110,7,115,36,105
2021-05-03 09:00:00,10,135,11,265,7,200,17,110,7,125,36,105
2021-05-03 10:00:00,9,140,10,260,8,210,16,110,7,135,30,105
2021-05-03 11:00:00,7,140,7,250,7,225,14,110,5,150,25,105
2021-05-03 12:00:00,4,150,8,235,7,230,11,100,3,190,22,110
2021-05-03 13:00:00,1,95,9,220,7,235,11,85,2,245,19,110
2021-05-03 14:00:00,3,30,10,195,7,240,10,80,3,270,18,110
2021-05-03 15:00:00,5,20,10,200,7,250,11,75,3,265,17,115
2021-05-03 16:00:00,6,25,9,255,7,240,12,70,3,245,18,110
2021-05-03 17:00:00,5,40,13,265,7,230,12,70,5,225,21,105
2021-05-03 18:00:00,5,35,13,255,8,205,12,70,4,225,24,105
2021-05-03 19:00:00,5,50,11,220,10,205,11,65,3,200,25,105
2021-05-03 20:00:00,6,45,12,200,11,210,12,65,5,245,25,105
2021-05-03 21:00:00,7,55,13,180,12,205,13,60,4,250,25,115
2021-05-03 22:00:00,5,75,14,185,14,215,13,60,5,230,22,120
2021-05-03 23:00:00,7,90,13,200,16,210,13,65,4,210,21,115
2021-05-04 00:00:00,10,90,13,210,18,215,13,80,4,200,22,115
2021-05-04 01:00:00,11,85,13,215,16,215,12,75,5,200,26,115
2021-05-04 02:00:00,11,85,11,220,16,210,11,80,5,180,28,105
2021-05-04 03:00:00,10,85,10,230,16,210,10,85,5,150,28,100
2021-05-04 04:00:00,9,90,11,225,16,215,12,80,3,130,27,100
2021-05-04 05:00:00,7,90,11,225,15,220,13,80,4,110,27,95
2021-05-04 06:00:00,6,100,10,225,13,225,13,90,4,105,28,95
2021-05-04 07:00:00,8,90,8,250,10,230,13,80,4,85,31,90
2021-05-04 08:00:00,8,85,8,260,8,235,15,75,4,105,32,90
2021-05-04 09:00:00,9,80,8,265,7,240,15,75,4,105,32,90
2021-05-04 10:00:00,9,85,9,280,6,240,14,75,4,100,29,90
2021-05-04 11:00:00,7,90,8,285,5,240,12,80,4,110,25,90
2021-05-04 12:00:00,6,95,8,280,5,240,10,75,3,125,21,90
2021-05-04 13:00:00,7,75,7,275,4,275,12,70,1,65,20,95
2021-05-04 14:00:00,7,65,7,260,4,295,13,55,3,345,19,95
2021-05-04 15:00:00,8,65,10,250,4,310,15,50,3,335,19,100
2021-05-04 16:00:00,8,65,9,260,4,30,17,45,8,350,20,100
2021-05-04 17:00:00,7,60,8,260,6,325,17,50,4,50,23,90
2021-05-04 18:00:00,16,60,9,255,9,360,20,70,11,65,25,95
2021-05-04 19:00:00,3,110,10,210,7,25,9,60,13,35,25,95
2021-05-04 20:00:00,7,20,11,195,8,5,11,75,8,15,25,90
2021-05-04 21:00:00,7,65,13,190,5,60,9,70,13,75,24,90
2021-05-04 22:00:00,7,80,18,185,4,100,6,70,15,65,23,90
2021-05-04 23:00:00,11,75,19,200,7,120,8,70,13,90,24,90
2021-05-05 00:00:00,11,80,22,215,11,150,8,80,11,95,25,85
2021-05-05 01:00:00,12,85,22,210,12,165,8,75,13,105,26,80
2021-05-05 02:00:00,9,80,19,205,9,170,8,80,11,110,27,80
2021-05-05 03:00:00,8,80,18,210,6,190,8,60,9,105,28,80
2021-05-05 04:00:00,9,85,16,230,5,180,8,60,10,100,29,80
2021-05-05 05:00:00,12,85,12,225,4,175,8,65,12,100,28,85
2021-05-05 06:00:00,13,90,9,220,4,160,8,65,12,95,29,80
2021-05-05 07:00:00,17,100,7,230,7,160,14,80,14,95,33,80
2021-05-05 08:00:00,19,100,5,240,9,155,17,85,16,95,33,80
2021-05-05 09:00:00,22,100,7,270,9,155,19,85,19,95,33,85
2021-05-05 10:00:00,21,100,8,295,9,155,22,85,19,100,31,85
2021-05-05 11:00:00,20,100,3,325,6,125,21,85,19,100,26,85
2021-05-05 12:00:00,19,100,0,255,5,130,19,85,16,95,23,85
2021-05-05 13:00:00,12,80,3,175,5,140,17,70,11,75,23,90
2021-05-05 14:00:00,11,65,8,165,4,145,19,65,8,65,21,90
2021-05-05 15:00:00,13,60,8,130,5,150,20,65,7,70,21,95
2021-05-05 16:00:00,13,65,15,185,7,155,20,55,7,85,22,90
2021-05-05 17:00:00,13,80,14,230,7,145,20,55,8,95,24,90
2021-05-05 18:00:00,12,95,20,190,11,140,21,60,10,95,27,90
2021-05-05 19:00:00,15,90,27,190,14,115,22,65,18,105,29,90
2021-05-05 20:00:00,15,90,17,185,16,135,20,70,18,90,30,90
2021-05-05 21:00:00,10,95,16,160,18,120,17,75,17,115,31,95
2021-05-05 22:00:00,10,75,5,190,20,125,17,85,20,120,32,95
2021-05-05 23:00:00,13,85,3,195,21,130,19,85,19,110,35,95
2021-05-06 00:00:00,12,85,8,165,22,130,21,80,18,120,35,95
2021-05-06 01:00:00,10,75,11,165,12,110,21,80,15,115,31,105
2021-05-06 02:00:00,9,75,13,185,10,90,18,90,14,105,29,110
2021-05-06 03:00:00,9,75,13,200,11,75,15,100,12,95,29,115
2021-05-06 04:00:00,12,70,12,215,11,80,15,100,12,80,29,115
2021-05-06 05:00:00,15,70,9,215,8,80,15,95,16,85,28,115
2021-05-06 06:00:00,15,80,10,215,8,85,13,95,19,90,26,110
2021-05-06 07:00:00,14,90,12,195,9,55,15,95,19,80,26,105
2021-05-06 08:00:00,15,100,11,175,8,60,16,95,22,90,28,105
2021-05-06 09:00:00,16,90,11,170,9,65,16,95,23,100,32,105
2021-05-06 10:00:00,17,85,12,165,10,70,18,85,20,105,32,105
2021-05-06 11:00:00,20,75,12,165,9,100,18,80,24,90,30,95
2021-05-06 12:00:00,23,70,10,175,7,100,17,75,23,95,26,90
2021-05-06 13:00:00,23,65,12,185,6,60,18,65,16,95,26,80
2021-05-06 14:00:00,24,65,13,180,7,50,19,60,15,85,29,80
2021-05-06 15:00:00,25,70,14,185,8,40,19,60,15,70,32,80
2021-05-06 16:00:00,29,70,16,195,9,40,20,60,18,60,36,80
2021-05-06 17:00:00,28,65,9,240,9,40,22,70,21,70,38,80
2021-05-06 18:00:00,22,65,10,250,8,50,20,70,19,80,38,80
2021-05-06 19:00:00,25,80,18,250,6,65,18,75,21,90,37,90
2021-05-06 20:00:00,25,95,11,220,7,105,19,90,25,90,38,95
2021-05-06 21:00:00,29,100,9,195,9,115,20,90,25,105,40,95
2021-05-06 22:00:00,33,105,11,185,9,110,21,100,24,110,40,100
2021-05-06 23:00:00,39,105,11,200,13,125,20,85,27,115,39,100
2021-05-07 00:00:00,33,115,9,220,7,140,26,100,24,120,40,105
2021-05-07 01:00:00,35,115,3,125,5,160,26,110,25,120,43,95
2021-05-07 02:00:00,35,120,5,115,3,175,28,100,23,115,44,95
2021-05-07 03:00:00,37,120,5,105,1,205,28,105,25,120,43,95
2021-05-07 04:00:00,37,120,8,120,1,210,26,95,20,130,41,90
2021-05-07 05:00:00,43,110,10,140,1,255,30,105,19,135,38,95
2021-05-07 06:00:00,43,120,12,150,6,5,30,115,16,110,35,100
2021-05-07 07:00:00,36,130,11,170,5,330,33,120,14,120,31,105
2021-05-07 08:00:00,34,130,9,180,5,335,32,115,15,110,29,105
2021-05-07 09:00:00,36,125,6,185,2,325,29,105,16,105,29,100
2021-05-07 10:00:00,36,120,5,210,2,320,27,95,17,100,28,100
2021-05-07 11:00:00,31,115,4,215,2,360,28,95,17,95,26,100
2021-05-07 12:00:00,26,105,5,215,1,60,26,85,16,85,27,100
2021-05-07 13:00:00,29,100,4,235,3,30,29,90,18,65,24,105
2021-05-07 14:00:00,28,90,4,220,3,20,28,95,17,65,21,110
2021-05-07 15:00:00,29,80,4,205,5,15,26,85,17,60,21,115
2021-05-07 16:00:00,27,70,5,175,4,20,23,80,18,65,21,120
2021-05-07 17:00:00,25,70,9,175,4,35,20,80,16,75,25,115
2021-05-07 18:00:00,23,75,12,185,5,60,19,80,18,80,26,110
2021-05-07 19:00:00,21,75,10,180,5,80,21,85,20,90,24,110
2021-05-07 20:00:00,23,85,9,185,5,115,22,85,19,90,21,115
2021-05-07 21:00:00,25,85,10,200,3,145,22,95,20,95,20,120
2021-05-07 22:00:00,31,90,10,225,1,225,23,100,23,95,19,115
2021-05-07 23:00:00,34,90,11,235,2,250,22,95,22,95,18,115
2021-05-08 00:00:00,33,95,9,230,4,205,21,100,20,105,16,115
2021-05-08 01:00:00,31,100,11,240,6,200,20,95,21,110,19,115
2021-05-08 02:00:00,29,105,10,240,8,190,18,100,19,110,18,115
2021-05-08 03:00:00,28,110,10,250,8,185,16,105,18,115,19,110
2021-05-08 04:00:00,27,105,11,255,6,190,16,105,17,120,21,105
2021-05-08 05:00:00,26,110,11,260,5,200,15,110,16,120,22,100
2021-05-08 06:00:00,26,110,11,270,5,205,15,110,15,125,22,105
2021-05-08 07:00:00,23,110,11,270,3,210,14,115,14,125,19,115
2021-05-08 08:00:00,24,115,10,270,2,225,16,115,15,120,18,120
2021-05-08 09:00:00,23,115,10,275,1,235,16,110,15,120,16,120
2021-05-08 10:00:00,22,120,9,285,1,255,15,105,14,115,15,110
2021-05-08 11:00:00,21,120,8,295,2,250,15,100,12,105,14,110
2021-05-08 12:00:00,16,115,7,290,4,255,12,95,7,80,13,100
2021-05-08 13:00:00,11,95,5,300,5,275,13,95,6,65,19,95
2021-05-08 14:00:00,10,90,4,250,4,280,12,100,5,50,20,100
2021-05-08 15:00:00,9,95,8,210,3,280,11,105,3,55,22,105
2021-05-08 16:00:00,11,100,8,200,4,260,10,110,1,45,22,110
2021-05-08 17:00:00,12,90,6,210,5,230,14,130,4,60,19,115
2021-05-08 18:00:00,8,105,5,170,5,265,10,110,4,40,17,115
2021-05-08 19:00:00,5,125,5,125,4,15,4,190,4,155,17,125
2021-05-08 20:00:00,8,165,4,180,2,105,7,215,3,180,16,120
2021-05-08 21:00:00,7,175,6,205,4,90,8,200,11,130,15,115
2021-05-08 22:00:00,10,135,7,215,4,105,6,215,14,125,15,115
2021-05-08 23:00:00,11,165,8,220,5,135,6,215,8,110,13,110
2021-05-09 00:00:00,11,190,7,230,5,160,8,225,8,115,13,110
2021-05-09 01:00:00,12,195,8,220,7,220,7,215,9,180,13,115
2021-05-09 02:00:00,12,215,8,215,12,220,6,220,12,215,13,110
2021-05-09 03:00:00,12,230,11,215,14,225,6,220,11,230,12,105
2021-05-09 04:00:00,12,245,12,220,15,235,6,215,11,230,12,100
2021-05-09 05:00:00,11,245,12,210,8,195,4,200,10,230,12,100
2021-05-09 06:00:00,10,235,13,205,7,170,4,185,9,225,14,100
2021-05-09 07:00:00,9,235,16,200,5,235,4,160,8,225,16,100
2021-05-09 08:00:00,10,235,15,210,3,210,4,145,8,225,16,100
2021-05-09 09:00:00,8,225,12,220,6,180,4,140,8,220,17,100
2021-05-09 10:00:00,6,215,11,235,8,190,5,130,8,225,18,100
2021-05-09 11:00:00,4,205,7,230,6,210,5,125,7,225,17,105
2021-05-09 12:00:00,4,205,6,205,8,210,4,115,6,225,13,105
2021-05-09 13:00:00,4,240,6,180,8,210,3,75,4,230,10,110
2021-05-09 14:00:00,4,250,4,170,9,215,4,65,4,230,8,105
2021-05-09 15:00:00,4,260,7,155,9,220,4,50,3,240,8,110
2021-05-09 16:00:00,3,285,12,190,11,220,6,40,3,255,7,125
2021-05-09 17:00:00,1,305,10,200,16,210,7,40,3,260,7,135
2021-05-09 18:00:00,1,225,9,190,19,210,7,50,4,245,8,130
2021-05-09 19:00:00,3,205,13,170,16,210,5,80,6,275,8,135
2021-05-09 20:00:00,5,210,12,180,11,205,1,295,3,245,11,140
2021-05-09 21:00:00,1,225,9,185,15,200,1,250,8,235,11,145
2021-05-09 22:00:00,1,255,10,195,16,200,3,150,7,235,11,145
2021-05-09 23:00:00,2,170,11,200,14,195,4,140,6,235,11,135
2021-05-10 00:00:00,4,155,13,220,17,195,5,140,6,240,14,135
2021-05-10 01:00:00,3,200,15,215,14,200,5,155,6,245,17,125
2021-05-10 02:00:00,4,205,14,225,13,205,5,170,6,250,18,125
2021-05-10 03:00:00,5,210,12,240,11,210,6,175,6,255,19,120
2021-05-10 04:00:00,6,220,13,245,10,220,5,175,6,250,20,115
2021-05-10 05:00:00,7,230,13,245,12,215,5,175,7,245,19,110
2021-05-10 06:00:00,8,230,12,245,14,220,5,180,9,240,17,105
2021-05-10 07:00:00,9,220,12,250,18,210,6,165,11,235,18,95
2021-05-10 08:00:00,10,210,12,250,20,210,6,155,12,230,19,95
2021-05-10 09:00:00,11,205,11,250,22,210,7,160,12,225,20,100
2021-05-10 10:00:00,13,205,11,240,17,215,6,170,13,220,19,100
2021-05-10 11:00:00,12,210,9,220,16,215,5,180,13,220,15,100
2021-05-10 12:00:00,11,215,10,210,18,215,4,185,13,220,12,100
2021-05-10 13:00:00,12,225,11,210,19,225,3,220,13,225,8,105
2021-05-10 14:00:00,12,225,12,215,19,225,3,220,12,225,7,105
2021-05-10 15:00:00,11,230,12,225,19,220,3,210,12,225,8,105
2021-05-10 16:00:00,10,230,11,240,19,225,2,205,12,225,6,105
2021-05-10 17:00:00,7,250,13,255,19,225,1,150,11,225,4,130
2021-05-10 18:00:00,5,290,18,255,20,230,2,90,12,220,6,130
2021-05-10 19:00:00,3,225,18,245,19,220,2,90,11,215,6,125
2021-05-10 20:00:00,7,170,16,245,20,220,2,210,13,200,6,125
2021-05-10 21:00:00,12,165,14,235,23,220,2,165,14,195,6,135
2021-05-10 22:00:00,15,175,11,235,24,220,4,160,12,170,6,140
2021-05-10 23:00:00,11,180,11,240,23,220,5,175,17,185,7,130
2021-05-11 00:00:00,13,190,10,235,21,220,5,195,14,185,9,120
2021-05-11 01:00:00,15,195,10,240,20,225,6,165,16,195,11,110
2021-05-11 02:00:00,15,200,10,250,23,225,8,155,20,195,13,110
2021-05-11 03:00:00,16,200,12,260,22,225,9,150,22,200,15,110
2021-05-11 04:00:00,16,205,12,260,20,230,9,150,22,210,17,110
2021-05-11 05:00:00,16,205,12,255,18,230,8,150,20,210,17,110
2021-05-11 06:00:00,15,205,11,255,17,230,8,155,20,215,16,110
2021-05-11 07:00:00,15,205,10,250,15,235,8,160,18,215,16,110
2021-05-11 08:00:00,14,205,8,240,14,235,8,165,17,215,15,110
2021-05-11 09:00:00,13,215,9,225,14,235,8,165,16,220,13,105
2021-05-11 10:00:00,12,220,9,220,12,235,7,180,15,220,11,105
2021-05-11 11:00:00,12,210,9,220,12,220,6,195,15,210,8,95
2021-05-11 12:00:00,12,210,10,225,13,215,6,200,16,205,7,90
2021-05-11 13:00:00,12,225,10,220,16,215,7,205,16,210,5,80
2021-05-11 14:00:00,12,230,10,230,17,215,8,215,15,210,4,70
2021-05-11 15:00:00,11,245,9,225,18,215,8,225,15,210,5,85
2021-05-11 16:00:00,9,255,8,210,19,220,7,245,16,210,5,100
2021-05-11 17:00:00,9,270,9,220,20,220,6,255,16,215,3,110
2021-05-11 18:00:00,11,285,15,225,21,225,6,260,14,225,1,95
2021-05-11 19:00:00,11,300,15,240,24,220,6,260,14,225,1,40
2021-05-11 20:00:00,7,300,16,245,22,215,6,250,17,235,1,110
2021-05-11 21:00:00,4,290,15,230,20,220,7,245,16,240,1,150
2021-05-11 22:00:00,3,210,15,225,20,220,8,225,13,235,2,115
2021-05-11 23:00:00,7,175,16,260,25,220,9,210,13,235,4,110
2021-05-12 00:00:00,9,175,17,270,26,220,10,205,15,215,7,110
2021-05-12 01:00:00,8,180,16,270,27,220,10,205,16,210,7,110
2021-05-12 02:00:00,10,205,16,270,27,225,10,210,17,210,6,100
2021-05-12 03:00:00,14,220,17,270,26,225,10,210,17,220,5,80
2021-05-12 04:00:00,16,220,17,265,24,225,10,210,19,220,5,60
2021-05-12 05:00:00,15,225,17,260,23,225,10,200,18,225,5,55
2021-05-12 06:00:00,14,220,15,255,22,225,10,200,16,225,5,75
2021-05-12 07:00:00,11,230,14,250,17,240,10,200,15,235,7,85
2021-05-12 08:00:00,10,235,13,245,14,245,8,190,15,235,8,80
2021-05-12 09:00:00,9,235,12,245,12,255,7,185,14,240,8,75
2021-05-12 10:00:00,8,230,9,230,9,255,6,180,14,245,8,75
2021-05-12 11:00:00,9,210,10,220,9,240,6,175,13,220,7,80
2021-05-12 12:00:00,8,210,11,215,10,230,7,170,14,210,7,80
2021-05-12 13:00:00,7,215,12,215,10,225,6,175,13,210,7,80
2021-05-12 14:00:00,7,220,13,205,10,215,4,170,13,205,7,80
2021-05-12 15:00:00,7,235,18,210,10,205,3,170,13,200,8,80
2021-05-12 16:00:00,6,240,20,240,12,210,1,135,12,200,6,85
2021-05-12 17:00:00,4,270,25,250,18,220,3,45,10,220,5,135
2021-05-12 18:00:00,5,290,24,265,23,210,4,55,11,235,7,175
2021-05-12 19:00:00,4,280,29,245,19,220,4,90,10,230,7,175
2021-05-12 20:00:00,2,210,29,240,21,215,5,125,11,220,7,170
2021-05-12 21:00:00,2,165,21,235,24,215,8,150,11,210,5,165
2021-05-12 22:00:00,4,145,17,255,27,220,10,160,11,210,6,140
2021-05-12 23:00:00,6,155,16,265,26,225,11,175,11,210,7,140
2021-05-13 00:00:00,8,165,15,265,25,225,12,180,12,210,8,140
2021-05-13 01:00:00,11,175,17,265,24,225,11,190,14,210,6,145
2021-05-13 02:00:00,11,185,17,265,23,220,11,195,16,205,6,140
2021-05-13 03:00:00,11,200,16,260,24,220,10,200,18,210,6,140
2021-05-13 04:00:00,10,210,15,260,24,225,9,200,17,215,7,130
2021-05-13 05:00:00,11,210,14,260,23,230,9,195,17,215,6,120
2021-05-13 06:00:00,11,205,12,255,21,235,10,185,18,215,6,110
2021-05-13 07:00:00,11,205,13,255,17,230,10,175,17,215,4,85
2021-05-13 08:00:00,12,205,13,250,15,230,11,160,15,215,5,75
2021-05-13 09:00:00,11,205,12,250,14,230,10,150,13,215,6,70
2021-05-13 10:00:00,11,200,10,240,11,225,9,150,12,210,7,75
2021-05-13 11:00:00,10,195,9,235,11,220,8,150,15,200,6,80
2021-05-13 12:00:00,9,195,9,225,12,220,7,150,15,195,6,95
2021-05-13 13:00:00,8,195,10,220,12,215,6,145,14,200,5,90
2021-05-13 14:00:00,9,195,13,225,13,210,6,150,13,200,4,65
2021-05-13 15:00:00,10,210,15,235,13,205,5,150,13,205,4,40
2021-05-13 16:00:00,9,225,14,230,14,205,3,130,13,200,5,60
2021-05-13 17:00:00,8,235,16,225,16,205,2,70,15,195,2,65
2021-05-13 18:00:00,10,265,16,235,13,215,2,55,15,205,5,340
2021-05-13 19:00:00,9,270,19,225,15,225,4,85,8,205,6,345
2021-05-13 20:00:00,6,255,21,230,15,230,1,115,8,185,3,5
2021-05-13 21:00:00,7,225,21,240,16,230,3,75,10,205,3,55
2021-05-13 22:00:00,9,220,19,240,14,220,4,95,15,200,3,75
2021-05-13 23:00:00,9,200,18,250,17,220,5,135,12,180,4,90
2021-05-14 00:00:00,7,195,19,250,20,225,5,130,12,190,4,90
2021-05-14 01:00:00,8,205,14,250,20,220,6,145,16,190,4,85
2021-05-14 02:00:00,8,205,12,245,19,225,7,160,18,195,6,70
2021-05-14 03:00:00,10,195,11,240,18,225,8,170,19,200,8,75
2021-05-14 04:00:00,11,195,11,235,18,220,9,180,20,195,10,75
2021-05-14 05:00:00,12,190,12,235,17,220,10,165,19,200,11,75
2021-05-14 06:00:00,12,195,12,245,17,225,12,160,19,200,12,80
2021-05-14 07:00:00,12,195,13,250,14,230,12,165,16,200,12,80
2021-05-14 08:00:00,12,200,15,255,12,230,13,165,15,200,13,85
2021-05-14 09:00:00,11,195,15,245,12,225,12,165,15,195,14,95
2021-05-14 10:00:00,12,190,12,230,10,225,11,175,14,195,12,105
2021-05-14 11:00:00,13,190,13,220,10,220,10,185,15,200,8,110
2021-05-14 12:00:00,12,195,15,220,12,215,10,190,15,200,7,110
2021-05-14 13:00:00,10,200,16,220,14,220,8,190,14,200,5,100
2021-05-14 14:00:00,9,200,20,225,13,220,7,185,14,205,4,90
2021-05-14 15:00:00,8,205,21,240,14,215,6,175,13,205,5,95
2021-05-14 16:00:00,9,205,25,245,14,220,5,155,12,205,3,110
2021-05-14 17:00:00,7,210,28,255,10,230,4,140,13,200,3,150
2021-05-14 18:00:00,4,230,26,250,14,215,4,155,13,195,3,175
2021-05-14 19:00:00,4,145,26,255,15,225,3,155,10,190,4,235
2021-05-14 20:00:00,6,140,26,255,13,235,6,130,13,190,2,240
2021-05-14 21:00:00,11,150,27,255,14,220,6,130,17,195,2,170
2021-05-14 22:00:00,13,165,24,265,14,200,4,120,22,185,3,125
2021-05-14 23:00:00,14,170,21,275,18,200,7,120,21,175,3,110
2021-05-15 00:00:00,13,180,19,265,16,205,9,125,20,175,3,110
2021-05-15 01:00:00,14,190,18,255,17,205,8,150,20,180,3,105
2021-05-15 02:00:00,14,195,17,250,17,225,8,165,20,190,4,95
2021-05-15 03:00:00,14,195,15,250,15,220,7,160,21,195,5,90
2021-05-15 04:00:00,13,195,14,250,15,220,7,165,20,195,5,85
2021-05-15 05:00:00,11,195,13,250,14,225,7,160,18,195,6,80
2021-05-15 06:00:00,10,195,12,255,15,235,7,160,17,195,8,80
2021-05-15 07:00:00,8,200,11,260,16,230,7,160,15,200,9,70
2021-05-15 08:00:00,8,195,10,250,14,230,8,150,13,205,10,75
2021-05-15 09:00:00,7,195,10,245,11,235,7,145,11,200,10,75
2021-05-15 10:00:00,7,185,9,245,8,230,6,150,10,190,9,70
2021-05-15 11:00:00,7,185,9,230,8,205,5,150,11,190,7,70
2021-05-15 12:00:00,6,185,10,230,7,210,5,145,11,185,7,75
2021-05-15 13:00:00,5,175,10,220,7,215,5,140,10,190,9,55
2021-05-15 14:00:00,5,185,10,220,7,215,5,140,9,195,8,65
2021-05-15 15:00:00,4,190,13,230,8,195,4,130,9,195,9,65
2021-05-15 16:00:00,4,165,15,265,10,165,3,120,9,190,9,60
2021-05-15 17:00:00,3,160,18,250,11,185,4,110,12,190,9,55
2021-05-15 18:00:00,3,65,19,260,16,205,8,100,10,180,9,60
2021-05-15 19:00:00,4,5,19,265,13,200,6,100,2,155,10,55
2021-05-15 20:00:00,8,75,15,250,11,190,5,95,9,160,10,55
2021-05-15 21:00:00,4,105,16,220,16,185,3,95,8,200,10,60
2021-05-15 22:00:00,2,70,20,235,15,175,5,140,6,235,11,70
2021-05-15 23:00:00,4,115,21,240,17,175,7,130,4,240,12,65
2021-05-16 00:00:00,8,125,19,250,18,185,8,125,3,170,13,65
2021-05-16 01:00:00,6,125,15,265,14,180,7,130,5,150,15,65
2021-05-16 02:00:00,5,130,11,270,13,190,5,135,6,150,15,70
2021-05-16 03:00:00,4,105,9,270,10,180,5,120,7,150,14,70
2021-05-16 04:00:00,4,85,8,285,9,170,7,110,6,130,15,75
2021-05-16 05:00:00,4,100,7,295,8,175,9,105,5,115,14,80
2021-05-16 06:00:00,4,115,5,300,8,175,10,115,6,105,14,80
2021-05-16 07:00:00,5,95,4,295,6,180,11,115,6,95,13,80
2021-05-16 08:00:00,7,95,3,255,7,175,10,120,6,100,14,85
2021-05-16 09:00:00,7,105,4,235,8,180,10,110,7,100,14,85
2021-05-16 10:00:00,9,120,5,215,9,185,8,110,8,105,13,85
2021-05-16 11:00:00,10,145,4,200,8,190,6,130,7,125,11,80
2021-05-16 12:00:00,10,155,3,200,7,185,6,155,8,160,9,80
2021-05-16 13:00:00,8,145,2,225,5,180,7,125,7,150,8,60
2021-05-16 14:00:00,8,145,3,190,6,180,7,125,7,150,8,60
2021-05-16 15:00:00,6,145,5,175,7,175,7,120,7,150,7,55
2021-05-16 16:00:00,6,145,5,195,8,180,7,115,8,155,7,65
2021-05-16 17:00:00,6,135,9,205,7,185,5,115,9,160,6,75
2021-05-16 18:00:00,6,95,15,200,7,195,6,115,8,160,5,85
2021-05-16 19:00:00,10,80,15,200,9,190,10,125,11,155,3,115
2021-05-16 20:00:00,12,100,19,205,9,195,9,130,8,155,3,140
2021-05-16 21:00:00,12,120,25,200,10,180,8,145,11,165,2,135
2021-05-16 22:00:00,9,105,28,210,12,175,11,145,9,160,1,30
2021-05-16 23:00:00,10,90,27,210,15,190,12,145,7,135,2,30
2021-05-17 00:00:00,14,100,22,210,17,205,12,135,8,145,1,5
2021-05-17 01:00:00,13,105,18,220,16,205,11,135,8,155,2,15
2021-05-17 02:00:00,12,105,17,225,16,210,11,135,8,160,3,55
2021-05-17 03:00:00,10,115,16,225,16,215,12,135,8,160,3,95
2021-05-17 04:00:00,10,120,15,230,15,215,13,135,10,160,5,100
2021-05-17 05:00:00,10,125,13,240,13,210,14,135,11,155,6,100
2021-05-17 06:00:00,11,135,13,250,12,200,15,145,12,150,6,95
2021-05-17 07:00:00,12,145,11,255,11,185,15,150,10,145,6,95
2021-05-17 08:00:00,13,150,10,255,10,175,14,155,10,140,6,100
2021-05-17 09:00:00,13,150,8,260,11,170,13,155,10,145,6,105
2021-05-17 10:00:00,12,155,5,245,8,175,12,160,9,140,7,100
2021-05-17 11:00:00,10,160,3,225,7,175,9,165,9,160,6,100
2021-05-17 12:00:00,9,160,2,200,8,170,9,155,10,170,6,95
2021-05-17 13:00:00,7,160,3,185,8,170,6,155,8,170,5,80
2021-05-17 14:00:00,7,150,5,165,7,185,5,145,8,175,5,90
2021-05-17 15:00:00,7,140,6,170,7,190,6,120,9,170,5,100
2021-05-17 16:00:00,10,135,13,210,7,195,8,100,9,155,4,90
2021-05-17 17:00:00,11,135,15,220,6,195,9,95,10,160,3,85
2021-05-17 18:00:00,12,130,10,205,5,200,9,90,11,160,2,90
2021-05-17 19:00:00,10,120,9,205,5,155,8,85,8,145,2,80
2021-05-17 20:00:00,10,130,16,195,7,155,6,110,4,130,2,120
2021-05-17 21:00:00,9,140,17,210,10,160,8,125,2,155,3,185
2021-05-17 22:00:00,10,135,15,220,14,165,8,130,5,135,5,200
2021-05-17 23:00:00,11,145,15,225,14,175,8,135,5,145,4,200
2021-05-18 00:00:00,12,155,14,225,13,195,8,150,9,150,5,210
2021-05-18 01:00:00,14,170,13,215,16,200,12,160,11,155,5,215
2021-05-18 02:00:00,17,175,13,200,17,200,14,160,13,160,5,215
2021-05-18 03:00:00,18,180,14,200,17,195,14,160,14,170,5,205
2021-05-18 04:00:00,17,175,12,215,16,200,17,155,17,175,4,195
2021-05-18 05:00:00,17,175,12,230,16,200,17,155,18,180,3,160
2021-05-18 06:00:00,18,170,13,220,16,200,15,160,18,180,4,135
2021-05-18 07:00:00,18,175,13,220,15,205,14,165,18,190,5,185
2021-05-18 08:00:00,16,175,12,225,14,205,13,170,18,195,5,190
2021-05-18 09:00:00,15,175,11,225,14,215,12,175,18,200,7,200
2021-05-18 10:00:00,13,180,9,220,13,215,11,180,17,200,9,220
2021-05-18 11:00:00,12,180,8,220,11,210,11,180,15,200,10,230
2021-05-18 12:00:00,11,175,8,210,11,210,10,180,14,195,9,235
2021-05-18 13:00:00,9,180,8,225,9,220,11,195,13,195,10,255
2021-05-18 14:00:00,8,185,8,215,8,230,11,200,12,200,8,265
2021-05-18 15:00:00,7,190,15,235,8,225,9,200,11,200,8,270
2021-05-18 16:00:00,7,195,20,245,7,225,8,215,10,195,7,275
2021-05-18 17:00:00,7,205,11,235,11,205,7,220,8,185,7,260
2021-05-18 18:00:00,7,200,17,205,12,210,7,230,9,210,8,255
2021-05-18 19:00:00,6,195,12,210,11,215,10,240,9,235,13,255
2021-05-18 20:00:00,7,175,15,195,13,220,10,240,10,225,17,260
2021-05-18 21:00:00,6,170,15,205,15,215,12,235,10,225,19,260
2021-05-18 22:00:00,5,165,14,220,16,220,11,235,11,220,22,260
2021-05-18 23:00:00,7,170,13,205,17,225,9,225,11,205,23,260
2021-05-19 00:00:00,8,185,13,215,18,225,8,215,14,195,20,265
2021-05-19 01:00:00,10,200,12,220,17,215,6,240,14,195,24,280
2021-05-19 02:00:00,11,220,13,230,17,215,8,245,16,195,25,285
2021-05-19 03:00:00,13,230,15,240,15,220,11,250,17,205,26,290
2021-05-19 04:00:00,11,240,15,240,14,215,13,260,17,215,26,290
2021-05-19 05:00:00,9,260,18,255,15,205,14,260,16,220,27,290
2021-05-19 06:00:00,11,280,21,260,15,200,12,265,16,230,25,295
2021-05-19 07:00:00,10,290,19,260,13,200,10,270,14,235,28,285
2021-05-19 08:00:00,10,285,17,255,13,195,11,275,14,240,31,285
2021-05-19 09:00:00,11,285,17,260,13,210,12,275,14,245,34,280
2021-05-19 10:00:00,12,285,14,250,12,220,12,280,15,255,37,280
2021-05-19 11:00:00,14,285,13,245,10,235,11,285,15,245,37,270
2021-05-19 12:00:00,15,295,12,235,10,240,12,300,13,250,39,270
2021-05-19 13:00:00,13,310,12,230,10,240,10,305,11,255,38,270
2021-05-19 14:00:00,13,310,13,230,8,230,10,310,10,255,37,270
2021-05-19 15:00:00,12,315,14,235,10,210,10,320,10,255,34,270
2021-05-19 16:00:00,13,320,13,250,9,210,10,315,9,265,33,270
2021-05-19 17:00:00,11,310,13,270,10,215,8,320,11,285,33,270
2021-05-19 18:00:00,6,205,13,260,11,205,9,295,11,265,37,270
2021-05-19 19:00:00,14,200,20,245,9,215,11,245,17,265,38,265
2021-05-19 20:00:00,16,185,18,245,8,220,9,225,14,240,38,265
2021-05-19 21:00:00,20,205,18,250,10,205,13,245,19,205,35,270
2021-05-19 22:00:00,24,255,20,255,10,185,15,245,19,200,33,270
2021-05-19 23:00:00,17,270,21,260,10,190,15,255,16,185,28,265
2021-05-20 00:00:00,14,295,23,260,10,210,16,260,19,200,28,255
2021-05-20 01:00:00,11,260,20,250,12,230,15,270,18,225,27,250
2021-05-20 02:00:00,6,285,18,255,15,235,14,275,18,230,28,255
2021-05-20 03:00:00,8,245,16,245,13,240,11,270,15,230,27,260
2021-05-20 04:00:00,8,240,14,255,10,250,8,260,12,235,27,260
2021-05-20 05:00:00,7,240,12,255,9,245,7,255,8,240,28,255
2021-05-20 06:00:00,6,225,11,260,8,245,8,255,5,235,28,255
2021-05-20 07:00:00,6,225,10,245,10,230,6,255,6,245,32,255
2021-05-20 08:00:00,6,225,9,250,9,240,5,240,7,240,33,250
2021-05-20 09:00:00,7,225,8,255,7,250,6,230,10,240,33,250
2021-05-20 10:00:00,7,225,7,230,7,250,7,225,11,240,34,250
2021-05-20 11:00:00,7,230,7,220,7,240,7,230,12,240,32,250
2021-05-20 12:00:00,8,220,9,205,8,225,9,230,12,225,30,250
2021-05-20 13:00:00,8,230,9,200,10,230,10,245,11,225,27,250
2021-05-20 14:00:00,8,225,10,190,11,235,12,255,11,220,26,250
2021-05-20 15:00:00,8,230,11,185,12,235,14,260,12,220,27,250
2021-05-20 16:00:00,8,240,11,180,13,230,18,270,13,225,27,250
2021-05-20 17:00:00,8,255,11,210,14,225,20,275,13,225,26,255
2021-05-20 18:00:00,10,280,13,225,15,215,20,275,14,245,28,255
2021-05-20 19:00:00,13,285,16,190,19,210,16,280,16,245,30,260
2021-05-20 20:00:00,11,275,19,215,18,205,15,270,17,230,32,265
2021-05-20 21:00:00,12,250,18,250,18,195,12,270,19,220,33,265
2021-05-20 22:00:00,11,245,18,260,20,195,10,270,21,205,32,270
2021-05-20 23:00:00,9,250,19,255,20,195,9,260,21,205,32,265
2021-05-21 00:00:00,9,250,19,255,21,210,10,260,21,210,33,265
2021-05-21 01:00:00,8,255,20,255,23,210,9,250,20,210,41,260
2021-05-21 02:00:00,7,255,22,265,24,210,10,250,19,205,42,260
2021-05-21 03:00:00,8,255,22,265,23,210,11,245,16,205,44,260
2021-05-21 04:00:00,8,245,18,270,21,215,9,250,14,200,46,260
2021-05-21 05:00:00,10,245,15,275,20,210,8,270,13,200,46,260
2021-05-21 06:00:00,11,250,13,275,19,215,7,270,14,205,48,260
2021-05-21 07:00:00,10,255,12,270,15,215,6,255,13,205,47,260
2021-05-21 08:00:00,12,250,11,270,13,220,6,245,12,205,45,255
2021-05-21 09:00:00,10,250,8,265,12,230,7,245,11,205,44,255
2021-05-21 10:00:00,10,250,7,230,12,230,8,255,11,210,41,255
2021-05-21 11:00:00,11,250,7,210,12,230,9,255,11,210,41,255
2021-05-21 12:00:00,11,255,8,195,12,235,9,255,12,205,42,260
2021-05-21 13:00:00,11,260,9,190,11,240,8,270,11,210,40,260
2021-05-21 14:00:00,13,260,10,200,11,240,10,270,11,210,41,260
2021-05-21 15:00:00,15,260,10,210,9,240,15,270,12,215,43,255
2021-05-21 16:00:00,16,265,12,215,10,235,17,270,13,220,42,255
2021-05-21 17:00:00,15,260,18,210,13,230,17,270,14,225,44,250
2021-05-21 18:00:00,15,230,21,205,16,230,17,260,15,220,45,255
2021-05-21 19:00:00,14,215,19,200,18,220,18,260,19,215,44,255
2021-05-21 20:00:00,15,220,18,200,17,220,19,255,25,210,45,255
2021-05-21 21:00:00,16,220,16,215,19,230,21,255,26,215,47,255
2021-05-21 22:00:00,15,225,14,225,22,230,24,255,27,220,47,255
2021-05-21 23:00:00,16,250,15,230,23,230,24,255,27,220,48,255
2021-05-22 00:00:00,17,240,13,235,25,235,26,260,26,220,48,260
2021-05-22 01:00:00,20,230,12,235,24,230,29,260,23,210,46,260
2021-05-22 02:00:00,18,235,13,245,20,220,33,260,23,210,47,260
2021-05-22 03:00:00,17,245,13,240,15,220,35,265,23,210,48,265
2021-05-22 04:00:00,16,250,13,240,13,215,36,270,22,210,50,265
2021-05-22 05:00:00,18,250,15,240,13,220,35,270,20,215,51,265
2021-05-22 06:00:00,22,260,15,245,12,220,36,270,21,225,54,260
2021-05-22 07:00:00,22,260,13,245,12,230,37,275,23,245,52,260
2021-05-22 08:00:00,23,275,13,245,14,240,36,275,23,260,49,265
2021-05-22 09:00:00,23,280,12,245,14,240,32,285,22,265,49,265
2021-05-22 10:00:00,25,285,9,240,13,245,29,290,21,270,48,265
2021-05-22 11:00:00,24,285,7,215,13,240,28,290,19,270,47,265
2021-05-22 12:00:00,23,275,7,185,13,235,25,285,17,245,47,265
2021-05-22 13:00:00,26,275,10,195,15,230,25,290,18,250,43,270
2021-05-22 14:00:00,27,270,11,205,16,230,25,290,18,250,41,270
2021-05-22 15:00:00,27,265,14,215,17,220,28,290,21,250,41,265
2021-05-22 16:00:00,30,265,14,215,18,225,30,280,22,250,44,270
2021-05-22 17:00:00,31,265,14,235,18,215,36,275,22,250,46,275
2021-05-22 18:00:00,34,260,11,225,19,205,39,265,29,250,44,275
2021-05-22 19:00:00,33,255,3,235,27,220,40,270,35,250,43,275
2021-05-22 20:00:00,32,260,6,225,27,220,38,275,41,235,40,280
2021-05-22 21:00:00,33,270,8,200,23,220,36,285,37,235,37,275
2021-05-22 22:00:00,34,280,14,195,29,240,35,290,36,240,38,275
2021-05-22 23:00:00,40,270,15,185,32,245,38,285,42,250,43,275
2021-05-23 00:00:00,44,270,15,195,30,240,42,280,47,255,43,275
2021-05-23 01:00:00,54,270,17,200,27,235,45,275,45,260,43,270
2021-05-23 02:00:00,59,270,18,205,23,230,48,275,48,265,45,270
2021-05-23 03:00:00,59,270,16,210,20,225,54,275,49,270,47,270
2021-05-23 04:00:00,58,275,14,215,17,215,62,275,50,270,48,270
2021-05-23 05:00:00,58,275,13,210,15,210,65,275,48,275,48,275
2021-05-23 06:00:00,57,275,12,210,15,210,62,275,46,275,49,275
2021-05-23 07:00:00,56,265,10,205,13,215,56,275,38,280,50,275
2021-05-23 08:00:00,49,275,9,200,13,215,56,275,34,280,48,280
2021-05-23 09:00:00,47,280,9,195,14,215,54,280,32,285,48,275
2021-05-23 10:00:00,37,280,9,190,13,215,45,285,25,270,49,275
2021-05-23 11:00:00,30,280,10,175,11,220,43,280,25,265,46,280
2021-05-23 12:00:00,29,285,11,170,11,225,43,280,23,265,41,280
2021-05-23 13:00:00,29,290,11,165,9,230,39,285,20,275,42,275
2021-05-23 14:00:00,29,285,13,170,7,225,39,285,18,275,44,280
2021-05-23 15:00:00,28,280,14,165,5,205,37,290,16,275,46,275
2021-05-23 16:00:00,29,280,13,165,6,185,33,290,16,270,51,270
2021-05-23 17:00:00,30,275,13,175,10,190,32,290,18,260,56,270
2021-05-23 18:00:00,29,270,15,175,10,195,35,290,18,245,57,270
2021-05-23 19:00:00,31,270,16,185,11,190,38,290,22,240,55,270
2021-05-23 20:00:00,25,270,17,200,13,175,38,285,27,250,51,270
2021-05-23 21:00:00,23,270,18,195,17,180,36,285,26,260,46,265
2021-05-23 22:00:00,28,280,18,195,18,200,34,285,24,260,43,265
2021-05-23 23:00:00,31,280,17,200,19,205,35,285,22,255,41,270
2021-05-24 00:00:00,34,280,17,210,18,210,36,285,22,255,39,270
2021-05-24 01:00:00,37,280,16,225,16,225,38,285,24,250,44,275
2021-05-24 02:00:00,40,280,14,245,16,240,41,290,26,250,47,270
2021-05-24 03:00:00,39,280,14,265,16,260,41,290,26,260,48,270
2021-05-24 04:00:00,38,285,15,275,16,275,40,295,23,270,48,265
2021-05-24 05:00:00,43,280,15,275,15,295,42,290,21,270,51,260
2021-05-24 06:00:00,48,275,14,270,15,315,44,290,20,275,54,260
2021-05-24 07:00:00,43,285,10,260,15,325,42,290,20,285,55,260
2021-05-24 08:00:00,41,285,9,255,15,330,42,290,24,285,56,260
2021-05-24 09:00:00,37,285,7,245,14,325,42,290,26,285,54,260
2021-05-24 10:00:00,33,285,7,205,14,325,40,290,24,295,50,265
2021-05-24 11:00:00,31,285,10,185,14,320,36,285,22,290,39,260
2021-05-24 12:00:00,28,285,12,180,12,315,33,290,15,275,34,255
2021-05-24 13:00:00,25,285,13,170,9,310,31,295,16,270,33,255
2021-05-24 14:00:00,25,285,13,180,10,320,30,295,16,275,31,260
2021-05-24 15:00:00,30,285,14,185,9,325,29,290,16,275,30,255
2021-05-24 16:00:00,29,285,16,190,9,310,30,290,15,275,30,255
2021-05-24 17:00:00,22,275,14,185,6,325,32,280,15,265,31,250
2021-05-24 18:00:00,22,260,16,205,8,340,33,275,16,255,33,250
2021-05-24 19:00:00,29,260,15,200,6,330,35,275,19,245,36,255
2021-05-24 20:00:00,30,260,17,205,8,50,33,270,24,235,41,255
2021-05-24 21:00:00,29,250,18,210,13,105,31,265,26,235,45,260
2021-05-24 22:00:00,29,250,17,220,14,70,30,260,28,240,49,260
2021-05-24 23:00:00,29,255,17,225,10,45,31,255,30,245,52,260
2021-05-25 00:00:00,26,255,16,230,13,40,33,260,28,245,54,260
2021-05-25 01:00:00,26,250,13,225,9,50,33,260,29,245,55,260
2021-05-25 02:00:00,28,250,10,230,4,20,36,255,30,250,57,255
2021-05-25 03:00:00,30,255,7,225,4,320,37,255,31,250,55,255
2021-05-25 04:00:00,34,255,6,200,7,360,37,260,32,255,54,255
2021-05-25 05:00:00,32,255,9,150,8,45,38,260,30,255,53,255
2021-05-25 06:00:00,29,260,15,155,14,70,38,260,27,260,51,255
2021-05-25 07:00:00,22,275,19,155,13,65,35,260,22,275,51,255
2021-05-25 08:00:00,22,290,18,160,16,65,32,265,20,285,52,255
2021-05-25 09:00:00,22,305,14,160,18,75,31,275,18,290,54,250
2021-05-25 10:00:00,23,305,11,165,18,75,29,285,16,305,52,250
2021-05-25 11:00:00,24,300,9,175,17,75,30,285,11,285,52,250
2021-05-25 12:00:00,26,295,11,180,13,65,30,280,14,250,50,255
2021-05-25 13:00:00,21,290,14,185,8,50,32,280,17,255,53,260
2021-05-25 14:00:00,22,275,15,180,6,25,32,280,17,255,56,255
2021-05-25 15:00:00,24,270,17,170,5,0,32,280,15,260,58,260
2021-05-25 16:00:00,24,260,11,190,6,350,30,275,13,260,58,260
2021-05-25 17:00:00,29,260,10,205,6,360,29,270,13,265,59,265
2021-05-25 18:00:00,30,265,10,215,6,350,29,275,7,250,59,265
2021-05-25 19:00:00,27,260,13,205,7,5,27,275,11,215,61,265
2021-05-25 20:00:00,29,275,14,190,7,10,28,265,13,220,62,265
2021-05-25 21:00:00,19,280,13,200,7,10,33,260,16,195,63,265
2021-05-25 22:00:00,18,275,16,200,7,5,35,265,14,220,64,265
2021-05-25 23:00:00,23,280,15,210,5,345,36,270,14,225,61,265
2021-05-26 00:00:00,28,290,15,220,5,330,32,280,16,240,59,270
2021-05-26 01:00:00,30,290,14,230,10,280,34,295,18,245,56,275
2021-05-26 02:00:00,31,300,13,240,13,275,36,290,18,250,55,275
2021-05-26 03:00:00,31,305,14,245,14,275,35,285,19,265,55,275
2021-05-26 04:00:00,33,305,16,250,15,280,30,290,21,285,59,275
2021-05-26 05:00:00,35,305,15,255,13,280,28,300,22,295,63,270
2021-05-26 06:00:00,40,305,14,260,13,275,29,310,23,300,62,270
2021-05-26 07:00:00,34,295,11,260,13,290,31,300,24,290,55,265
2021-05-26 08:00:00,30,290,10,260,13,305,32,295,25,285,49,265
2021-05-26 09:00:00,27,285,7,260,14,315,28,290,24,280,48,265
2021-05-26 10:00:00,22,275,7,230,14,320,26,285,21,270,49,265
2021-05-26 11:00:00,21,275,9,225,8,325,23,285,20,265,51,265
2021-05-26 12:00:00,26,270,9,210,8,330,23,280,21,250,53,265
2021-05-26 13:00:00,29,270,8,200,7,315,23,280,20,250,51,265
2021-05-26 14:00:00,29,260,8,205,7,305,26,285,20,250,51,270
2021-05-26 15:00:00,30,260,8,205,5,305,30,285,18,245,52,270
2021-05-26 16:00:00,29,275,9,215,4,305,30,285,18,245,50,270
2021-05-26 17:00:00,30,280,7,225,2,325,28,290,19,250,50,270
2021-05-26 18:00:00,32,290,4,205,0,50,27,290,20,260,50,270
2021-05-26 19:00:00,28,290,4,230,1,245,23,290,18,260,50,270
2021-05-26 20:00:00,27,290,7,225,2,215,24,290,16,255,50,275
2021-05-26 21:00:00,27,290,7,220,4,210,24,295,14,250,48,275
2021-05-26 22:00:00,27,290,7,225,6,210,21,295,18,245,49,280
2021-05-26 23:00:00,26,285,7,240,6,210,21,305,22,250,52,280
2021-05-27 00:00:00,25,285,9,240,7,215,20,310,21,260,50,275
2021-05-27 01:00:00,17,285,8,235,6,205,16,305,19,250,47,270
2021-05-27 02:00:00,12,285,6,250,5,205,14,305,18,255,46,265
2021-05-27 03:00:00,10,275,4,260,4,200,12,295,17,260,45,265
2021-05-27 04:00:00,8,255,3,275,3,180,11,285,16,255,45,260
2021-05-27 05:00:00,10,255,4,270,2,150,10,280,17,260,43,260
2021-05-27 06:00:00,11,255,5,260,2,130,10,270,16,260,43,265
2021-05-27 07:00:00,12,275,6,280,2,75,11,265,11,260,42,265
2021-05-27 08:00:00,14,280,5,300,2,75,12,255,10,255,41,270
2021-05-27 09:00:00,15,285,5,315,3,70,14,265,11,250,39,265
2021-05-27 10:00:00,16,275,5,315,4,60,18,260,11,255,38,265
2021-05-27 11:00:00,17,265,4,315,4,60,17,260,11,265,39,265
2021-05-27 12:00:00,14,260,3,315,4,90,14,265,10,260,40,265
2021-05-27 13:00:00,9,265,0,295,5,105,13,255,8,245,42,265
2021-05-27 14:00:00,11,265,2,175,7,140,14,255,8,240,39,265
2021-05-27 15:00:00,14,255,4,175,8,155,14,255,9,240,37,265
2021-05-27 16:00:00,17,265,5,170,8,170,14,250,9,245,39,270
2021-05-27 17:00:00,15,265,7,175,8,175,11,240,10,255,42,270
2021-05-27 18:00:00,13,260,9,175,7,175,12,230,12,265,43,265
2021-05-27 19:00:00,8,240,10,175,9,180,17,220,15,240,44,270
2021-05-27 20:00:00,10,240,9,185,10,180,17,220,16,220,45,270
2021-05-27 21:00:00,8,205,7,195,10,190,17,225,9,225,45,265
2021-05-27 22:00:00,8,210,7,185,11,195,18,225,11,225,44,265
2021-05-27 23:00:00,9,220,9,175,12,190,17,235,9,200,40,260
2021-05-28 00:00:00,12,220,11,180,13,185,18,240,9,205,38,260
2021-05-28 01:00:00,14,230,12,195,17,175,19,235,12,210,37,260
2021-05-28 02:00:00,15,220,11,215,14,165,18,230,13,200,37,260
2021-05-28 03:00:00,15,230,10,245,13,165,17,225,11,225,37,260
2021-05-28 04:00:00,15,245,8,265,13,155,16,225,10,250,36,255
2021-05-28 05:00:00,13,260,3,270,12,150,14,220,10,270,35,245
2021-05-28 06:00:00,11,275,2,185,12,165,12,215,10,255,33,240
2021-05-28 07:00:00,9,280,4,165,12,175,12,205,8,225,32,245
2021-05-28 08:00:00,5,285,3,65,12,170,13,195,6,200,31,245
2021-05-28 09:00:00,3,265,7,15,12,165,15,190,7,190,31,250
2021-05-28 10:00:00,4,225,7,15,13,160,18,195,9,180,29,255
2021-05-28 11:00:00,7,215,4,50,15,160,18,190,12,175,28,260
2021-05-28 12:00:00,9,195,4,70,15,165,19,195,13,175,27,265
2021-05-28 13:00:00,12,175,3,50,15,160,19,200,15,165,25,260
2021-05-28 14:00:00,14,170,2,70,14,160,19,210,18,175,21,255
2021-05-28 15:00:00,15,165,3,90,14,155,19,215,21,170,19,250
2021-05-28 16:00:00,13,165,3,115,15,155,19,220,22,170,19,240
2021-05-28 17:00:00,11,170,4,135,16,155,20,220,21,170,21,235
2021-05-28 18:00:00,11,175,4,145,15,155,23,225,20,175,20,235
2021-05-28 19:00:00,13,185,6,155,14,155,24,230,19,175,24,230
2021-05-28 20:00:00,15,190,7,165,16,155,23,230,19,170,29,235
2021-05-28 21:00:00,15,200,9,175,16,155,25,225,20,170,32,235
2021-05-28 22:00:00,16,205,12,180,15,155,26,220,20,170,34,240
2021-05-28 23:00:00,17,210,13,185,17,155,27,220,20,170,35,235
2021-05-29 00:00:00,18,215,14,190,19,165,28,225,21,175,37,235
2021-05-29 01:00:00,15,230,17,195,19,175,29,230,22,185,41,235
2021-05-29 02:00:00,17,235,16,200,21,185,30,235,20,185,43,235
2021-05-29 03:00:00,19,240,15,200,23,185,30,240,19,180,46,230
2021-05-29 04:00:00,19,240,14,195,25,180,31,240,18,175,45,230
2021-05-29 05:00:00,20,240,14,185,27,190,31,240,18,180,44,230
2021-05-29 06:00:00,18,240,14,185,26,200,31,235,17,185,43,235
2021-05-29 07:00:00,18,230,13,185,23,200,30,225,17,185,44,235
2021-05-29 08:00:00,18,220,13,180,22,200,30,220,19,190,44,235
2021-05-29 09:00:00,21,215,13,180,20,205,30,215,20,195,45,230
2021-05-29 10:00:00,25,210,12,175,20,205,30,210,22,200,47,230
2021-05-29 11:00:00,25,205,9,180,20,200,29,210,23,205,41,230
2021-05-29 12:00:00,25,200,7,180,20,200,28,210,23,200,35,230
2021-05-29 13:00:00,24,205,7,175,20,195,29,210,24,200,32,230
2021-05-29 14:00:00,25,205,8,180,20,195,29,205,25,195,31,230
2021-05-29 15:00:00,25,205,9,180,21,195,29,205,26,195,30,230
2021-05-29 16:00:00,23,205,11,180,23,195,29,205,25,195,28,230
2021-05-29 17:00:00,21,200,10,185,24,190,30,210,26,200,27,230
2021-05-29 18:00:00,21,210,12,185,21,190,32,215,28,200,26,230
2021-05-29 19:00:00,26,220,15,190,19,185,32,225,29,200,23,230
2021-05-29 20:00:00,26,225,15,180,21,190,33,230,27,200,24,220
2021-05-29 21:00:00,26,235,19,185,23,190,33,235,28,205,24,220
2021-05-29 22:00:00,26,235,22,200,23,190,33,245,28,205,23,215
2021-05-29 23:00:00,26,235,22,195,22,195,33,240,28,215,22,215
2021-05-30 00:00:00,27,235,20,195,23,205,35,240,29,225,23,220
2021-05-30 01:00:00,28,225,18,195,26,210,35,235,28,225,27,220
2021-05-30 02:00:00,28,220,14,200,25,215,36,235,29,225,29,220
2021-05-30 03:00:00,28,215,10,205,23,215,37,230,31,220,28,215
2021-05-30 04:00:00,28,215,7,205,21,215,37,230,31,215,27,215
2021-05-30 05:00:00,27,215,7,190,20,220,38,230,31,215,24,210
2021-05-30 06:00:00,27,220,8,185,19,220,36,230,30,215,22,205
2021-05-30 07:00:00,27,215,13,180,17,220,39,225,29,210,24,210
2021-05-30 08:00:00,27,215,14,185,17,225,39,220,30,210,23,205
2021-05-30 09:00:00,27,210,14,195,16,230,38,220,30,205,23,205
2021-05-30 10:00:00,26,205,14,205,16,235,37,215,30,200,22,205
2021-05-30 11:00:00,26,210,14,210,18,230,37,220,28,200,18,200
2021-05-30 12:00:00,24,210,12,205,20,230,37,220,26,195,16,200
2021-05-30 13:00:00,22,220,12,200,21,230,35,225,25,205,15,200
2021-05-30 14:00:00,21,230,13,200,23,230,34,225,26,205,17,205
2021-05-30 15:00:00,20,240,13,205,23,230,33,230,23,205,19,205
2021-05-30 16:00:00,18,240,13,205,23,225,30,235,21,210,19,215
2021-05-30 17:00:00,18,240,13,200,24,225,30,240,21,215,19,215
2021-05-30 18:00:00,18,250,14,200,21,225,27,245,21,230,17,215
2021-05-30 19:00:00,22,240,17,200,21,215,27,245,21,220,18,210
2021-05-30 20:00:00,25,235,17,200,22,210,28,245,22,225,20,200
2021-05-30 21:00:00,26,235,17,200,25,210,29,245,22,215,21,200
2021-05-30 22:00:00,27,235,18,200,26,210,29,245,24,215,23,195
2021-05-30 23:00:00,27,245,17,205,24,215,30,250,26,225,25,200
2021-05-31 00:00:00,28,240,15,210,23,220,31,250,27,230,25,205
2021-05-31 01:00:00,29,240,12,225,24,230,30,255,29,230,28,210
2021-05-31 02:00:00,29,245,12,230,24,240,29,255,31,230,27,215
2021-05-31 03:00:00,30,245,11,230,25,245,26,250,32,235,27,220
2021-05-31 04:00:00,30,240,11,230,24,250,25,250,32,235,27,220
2021-05-31 05:00:00,29,240,11,225,23,250,24,245,32,240,25,220
2021-05-31 06:00:00,29,240,11,230,22,250,24,240,32,240,24,220
2021-05-31 07:00:00,27,240,12,235,20,250,24,240,31,240,24,220
2021-05-31 08:00:00,27,235,11,235,20,250,23,235,31,240,24,220
2021-05-31 09:00:00,27,225,12,245,20,245,22,225,30,235,22,215
2021-05-31 10:00:00,28,225,11,240,20,240,23,220,31,235,21,210
2021-05-31 11:00:00,27,220,12,230,20,240,23,220,29,225,17,210
2021-05-31 12:00:00,25,215,13,220,22,240,25,220,28,215,15,210
2021-05-31 13:00:00,24,215,12,215,22,235,26,220,26,215,12,215
2021-05-31 14:00:00,23,225,11,215,24,235,26,220,24,215,11,220
2021-05-31 15:00:00,23,240,11,215,25,235,25,225,24,215,10,225
2021-05-31 16:00:00,22,245,12,215,23,235,26,230,24,210,11,225
2021-05-31 17:00:00,20,245,12,210,23,240,26,240,22,225,12,220
2021-05-31 18:00:00,19,250,14,200,24,250,27,245,22,240,12,210
2021-05-31 19:00:00,21,255,14,200,27,250,25,245,24,240,12,220
2021-05-31 20:00:00,20,250,15,210,24,250,24,250,24,240,13,230
2021-05-31 21:00:00,17,250,15,215,25,245,22,250,22,240,14,230
2021-05-31 22:00:00,16,250,16,225,28,245,20,250,21,235,12,235
2021-05-31 23:00:00,16,245,15,235,29,245,20,245,22,230,11,235
2021-06-01 00:00:00,18,240,15,245,28,250,20,250,24,230,11,235
2021-06-01 01:00:00,18,240,16,250,28,250,20,245,25,235,12,240
2021-06-01 02:00:00,18,245,16,255,28,250,21,245,25,240,13,245
2021-06-01 03:00:00,18,245,16,260,26,255,22,245,26,240,11,245
2021-06-01 04:00:00,19,250,17,265,24,260,23,245,27,245,11,250
2021-06-01 05:00:00,17,250,17,270,22,260,21,245,26,245,9,255
2021-06-01 06:00:00,17,255,16,275,19,260,21,245,26,250,6,260
2021-06-01 07:00:00,15,245,13,265,14,265,19,240,25,245,5,260
2021-06-01 08:00:00,15,245,13,265,11,260,18,240,23,245,3,260
2021-06-01 09:00:00,14,240,12,255,10,250,16,240,22,240,2,230
2021-06-01 10:00:00,13,235,11,250,12,240,14,235,21,240,3,195
2021-06-01 11:00:00,13,235,11,235,14,235,14,230,20,230,3,175
2021-06-01 12:00:00,13,225,13,235,15,235,15,225,18,220,2,180
2021-06-01 13:00:00,14,220,15,230,16,230,13,225,18,215,2,250
2021-06-01 14:00:00,15,225,15,230,17,235,13,230,18,220,1,295
2021-06-01 15:00:00,15,230,15,235,19,235,13,230,19,220,2,255
2021-06-01 16:00:00,16,240,16,240,20,235,13,235,19,225,2,250
2021-06-01 17:00:00,18,260,19,250,22,235,16,240,19,230,3,265
2021-06-01 18:00:00,23,275,23,255,24,230,19,245,17,245,3,235
2021-06-01 19:00:00,22,275,22,265,20,225,19,245,17,250,4,210
2021-06-01 20:00:00,17,255,21,280,20,220,18,245,18,250,4,205
2021-06-01 21:00:00,19,240,21,290,20,220,18,240,21,245,4,195
2021-06-01 22:00:00,16,240,19,285,22,220,17,235,18,225,4,200
2021-06-01 23:00:00,11,255,17,285,23,230,16,235,20,220,4,205
2021-06-02 00:00:00,8,260,16,280,25,240,15,240,22,225,4,190
2021-06-02 01:00:00,8,255,15,270,32,255,13,230,23,240,3,165
2021-06-02 02:00:00,10,250,15,260,31,260,13,220,22,240,2,140
2021-06-02 03:00:00,12,245,15,255,34,260,13,225,21,240,3,120
2021-06-02 04:00:00,13,250,16,255,33,265,13,230,21,240,4,125
2021-06-02 05:00:00,14,255,16,260,28,270,13,235,21,250,3,125
2021-06-02 06:00:00,13,255,16,265,26,265,12,240,19,250,3,120
2021-06-02 07:00:00,13,260,16,275,18,265,13,245,16,250,4,110
2021-06-02 08:00:00,12,265,17,275,14,260,13,245,15,250,5,105
2021-06-02 09:00:00,11,260,16,280,12,255,12,235,15,245,6,110
2021-06-02 10:00:00,9,260,12,275,11,255,11,230,15,245,7,115
2021-06-02 11:00:00,8,245,11,255,11,250,11,225,16,235,7,120
2021-06-02 12:00:00,8,240,11,250,11,240,10,220,17,220,6,125
2021-06-02 13:00:00,8,230,10,245,11,230,11,215,17,215,6,125
2021-06-02 14:00:00,9,230,10,240,12,225,11,215,16,220,5,140
2021-06-02 15:00:00,9,235,10,245,14,225,11,220,15,225,5,165
2021-06-02 16:00:00,9,240,14,240,15,210,11,225,14,225,5,165
2021-06-02 17:00:00,10,260,18,250,19,225,13,230,16,220,6,165
2021-06-02 18:00:00,13,285,22,265,20,225,16,235,15,225,6,180
2021-06-02 19:00:00,13,295,19,265,27,230,16,245,13,230,5,185
2021-06-02 20:00:00,8,300,17,270,25,240,16,245,14,245,6,185
2021-06-02 21:00:00,5,275,13,270,24,220,14,245,16,245,5,190
2021-06-02 22:00:00,4,235,11,270,23,225,11,235,12,235,5,185
2021-06-02 23:00:00,3,205,12,270,30,225,10,225,12,220,6,170
2021-06-03 00:00:00,2,245,15,270,33,235,10,220,14,215,6,155
2021-06-03 01:00:00,5,255,15,270,29,245,11,215,17,215,6,155
2021-06-03 02:00:00,6,230,16,265,28,245,12,215,18,215,6,160
2021-06-03 03:00:00,9,215,15,265,28,250,14,215,20,215,5,160
2021-06-03 04:00:00,11,215,15,265,26,250,17,220,21,220,6,165
2021-06-03 05:00:00,13,215,14,265,22,250,18,225,21,220,6,180
2021-06-03 06:00:00,12,220,14,260,18,255,17,225,20,225,6,180
2021-06-03 07:00:00,12,230,15,265,18,265,16,225,19,235,7,190
2021-06-03 08:00:00,12,240,15,275,17,275,16,225,20,235,8,200
2021-06-03 09:00:00,11,240,15,275,16,275,16,225,20,235,9,205
2021-06-03 10:00:00,10,245,12,260,17,270,15,220,19,240,10,200
2021-06-03 11:00:00,9,235,11,250,13,245,16,215,19,220,10,195
2021-06-03 12:00:00,10,230,11,240,12,240,17,210,20,215,9,200
2021-06-03 13:00:00,9,225,9,225,13,230,18,215,17,215,6,200
2021-06-03 14:00:00,8,235,9,210,13,235,18,220,18,220,7,215
2021-06-03 15:00:00,9,260,10,200,15,235,18,225,20,230,7,220
2021-06-03 16:00:00,11,270,10,210,17,230,18,235,19,240,8,220
2021-06-03 17:00:00,13,270,10,240,20,230,18,245,19,235,8,220
2021-06-03 18:00:00,12,275,10,270,22,230,19,245,19,230,10,220
2021-06-03 19:00:00,10,260,11,260,24,230,19,245,21,240,9,220
2021-06-03 20:00:00,10,250,11,265,25,230,19,250,21,240,8,205
2021-06-03 21:00:00,10,250,12,275,28,235,17,240,21,235,9,195
2021-06-03 22:00:00,10,245,16,270,29,240,17,235,21,230,9,195
2021-06-03 23:00:00,10,240,20,275,29,240,18,230,22,225,10,205
2021-06-04 00:00:00,13,240,22,280,30,245,19,235,25,230,10,225
2021-06-04 01:00:00,16,235,22,280,33,240,18,240,26,235,11,230
2021-06-04 02:00:00,18,235,20,280,36,245,18,245,28,235,12,230
2021-06-04 03:00:00,19,240,19,280,36,245,17,250,29,235,14,235
2021-06-04 04:00:00,17,245,17,290,35,245,18,255,28,240,15,240
2021-06-04 05:00:00,18,250,17,290,32,245,19,255,27,245,15,245
2021-06-04 06:00:00,18,260,15,290,29,250,19,255,27,255,14,250
2021-06-04 07:00:00,20,275,14,290,22,265,20,265,26,260,13,250
2021-06-04 08:00:00,20,280,13,290,17,275,20,265,24,265,12,260
2021-06-04 09:00:00,19,290,12,280,14,275,17,265,20,265,11,260
2021-06-04 10:00:00,18,290,10,260,11,280,14,265,17,265,10,260
2021-06-04 11:00:00,14,280,10,255,8,255,13,260,14,240,8,265
2021-06-04 12:00:00,14,280,9,245,9,240,12,260,14,230,8,270
2021-06-04 13:00:00,17,275,11,235,11,225,14,265,14,235,10,265
2021-06-04 14:00:00,20,285,14,230,12,225,14,275,14,240,10,260
2021-06-04 15:00:00,20,285,13,245,13,230,16,275,14,245,10,260
2021-06-04 16:00:00,19,285,14,250,15,230,17,280,14,240,10,265
2021-06-04 17:00:00,19,280,14,235,18,225,21,280,15,240,9,255
2021-06-04 18:00:00,19,275,11,220,23,220,25,285,17,240,9,240
2021-06-04 19:00:00,19,265,12,240,24,220,25,285,21,240,10,225
2021-06-04 20:00:00,22,250,13,245,25,225,22,275,20,245,9,230
2021-06-04 21:00:00,24,255,22,275,22,225,21,265,28,235,13,225
2021-06-04 22:00:00,19,270,26,265,21,220,18,255,26,245,16,225
2021-06-04 23:00:00,15,270,25,260,23,235,17,245,23,245,16,235
2021-06-05 00:00:00,16,260,23,265,24,240,19,235,25,240,16,240
2021-06-05 01:00:00,17,250,22,265,22,245,21,230,25,235,20,240
2021-06-05 02:00:00,18,255,20,260,24,240,21,235,27,235,21,240
2021-06-05 03:00:00,19,260,20,260,25,245,21,235,29,240,23,240
2021-06-05 04:00:00,21,265,20,260,25,250,24,240,29,240,23,240
2021-06-05 05:00:00,22,270,20,260,25,260,26,245,28,245,24,235
2021-06-05 06:00:00,24,270,18,260,25,260,26,245,28,240,23,235
2021-06-05 07:00:00,25,275,15,260,23,265,25,255,28,245,20,235
2021-06-05 08:00:00,25,275,15,265,21,270,23,260,27,250,18,245
2021-06-05 09:00:00,25,280,15,270,18,270,21,270,26,255,15,250
2021-06-05 10:00:00,27,280,13,260,17,265,21,275,26,265,15,260
2021-06-05 11:00:00,25,280,12,245,16,250,20,275,24,260,16,260
2021-06-05 12:00:00,26,280,13,230,15,240,19,275,23,260,19,255
2021-06-05 13:00:00,26,280,12,230,15,225,18,275,21,265,20,255
2021-06-05 14:00:00,27,280,12,240,18,220,22,275,22,260,22,255
2021-06-05 15:00:00,25,275,13,255,21,220,25,280,22,255,24,260
2021-06-05 16:00:00,25,270,20,270,31,215,26,280,22,255,24,255
2021-06-05 17:00:00,25,275,25,270,36,220,29,280,26,250,25,250
2021-06-05 18:00:00,28,265,31,265,34,230,28,270,33,240,26,245
2021-06-05 19:00:00,27,265,26,275,29,225,26,260,32,250,24,250
2021-06-05 20:00:00,26,260,23,295,31,250,25,255,28,255,25,255
2021-06-05 21:00:00,25,265,22,300,26,255,24,255,30,255,24,255
2021-06-05 22:00:00,25,270,16,285,27,255,22,255,33,245,24,260
2021-06-05 23:00:00,27,275,12,265,22,280,24,260,35,250,27,260
2021-06-06 00:00:00,33,280,15,275,23,260,26,260,34,260,30,260
2021-06-06 01:00:00,34,280,18,285,24,260,25,270,32,265,29,260
2021-06-06 02:00:00,33,285,19,290,25,250,25,275,31,270,31,260
2021-06-06 03:00:00,32,280,19,295,24,245,26,285,31,270,31,260
2021-06-06 04:00:00,33,280,20,285,25,245,26,290,31,270,30,260
2021-06-06 05:00:00,34,280,21,280,27,240,26,285,31,270,31,265
2021-06-06 06:00:00,34,285,21,270,26,235,26,280,32,270,31,265
2021-06-06 07:00:00,37,285,21,270,19,255,27,275,33,270,29,265
2021-06-06 08:00:00,41,285,21,270,17,260,27,275,35,275,29,270
2021-06-06 09:00:00,45,285,21,275,17,265,29,275,37,275,29,270
2021-06-06 10:00:00,48,285,19,275,17,270,30,275,36,280,29,270
2021-06-06 11:00:00,45,285,15,270,16,260,30,280,30,270,27,265
2021-06-06 12:00:00,39,285,14,260,17,255,28,285,27,270,24,260
2021-06-06 13:00:00,32,285,13,250,18,250,25,280,23,275,24,260
2021-06-06 14:00:00,29,290,14,255,19,255,27,280,24,270,24,255
2021-06-06 15:00:00,26,290,15,255,21,250,32,275,24,265,23,250
2021-06-06 16:00:00,33,290,14,260,19,240,34,275,21,260,21,245
2021-06-06 17:00:00,32,275,15,265,19,240,35,275,20,255,21,240
2021-06-06 18:00:00,30,265,17,265,26,245,31,265,22,255,21,240
2021-06-06 19:00:00,34,270,17,265,31,235,33,265,27,265,25,250
2021-06-06 20:00:00,28,285,17,275,31,230,33,265,38,280,27,255
2021-06-06 21:00:00,29,290,17,275,31,235,34,270,32,265,29,260
2021-06-06 22:00:00,31,285,14,270,28,240,33,275,28,260,32,255
2021-06-06 23:00:00,34,280,15,270,24,230,31,275,31,260,34,255
2021-06-07 00:00:00,33,280,17,265,24,245,30,275,31,270,36,255
2021-06-07 01:00:00,30,285,21,265,22,245,28,270,31,270,37,255
2021-06-07 02:00:00,31,280,22,275,21,260,29,270,34,265,37,260
2021-06-07 03:00:00,33,285,21,275,17,265,29,265,37,270,38,255
2021-06-07 04:00:00,35,285,21,280,17,250,30,270,38,275,39,255
2021-06-07 05:00:00,37,280,18,280,19,250,31,270,36,275,40,260
2021-06-07 06:00:00,39,280,14,285,19,250,34,275,37,275,40,260
2021-06-07 07:00:00,44,275,13,290,18,250,39,275,40,270,42,260
2021-06-07 08:00:00,45,275,12,290,16,250,42,275,40,265,44,260
2021-06-07 09:00:00,46,280,11,285,15,255,42,270,38,265,45,260
2021-06-07 10:00:00,41,275,10,265,13,265,41,270,30,260,45,260
2021-06-07 11:00:00,38,265,11,245,13,255,43,275,30,250,43,255
2021-06-07 12:00:00,34,270,12,235,16,240,41,270,30,250,38,250
2021-06-07 13:00:00,42,265,14,230,18,230,41,270,32,255,37,250
2021-06-07 14:00:00,41,265,13,225,18,230,38,265,36,250,35,250
2021-06-07 15:00:00,38,270,14,225,21,230,34,260,36,250,31,255
2021-06-07 16:00:00,34,270,14,225,29,225,37,260,34,250,31,255
2021-06-07 17:00:00,35,265,14,230,31,225,35,260,38,245,34,255
2021-06-07 18:00:00,35,270,14,230,28,225,33,265,38,245,36,255
2021-06-07 19:00:00,34,265,15,245,29,240,31,265,37,255,35,255
2021-06-07 20:00:00,36,265,16,230,29,235,33,260,42,260,37,250
2021-06-07 21:00:00,41,265,17,225,29,235,35,265,41,255,38,250
2021-06-07 22:00:00,42,265,18,225,28,235,37,265,40,260,40,245
2021-06-07 23:00:00,47,265,17,230,28,230,42,270,38,260,40,250
2021-06-08 00:00:00,52,275,16,240,27,235,47,270,31,260,41,250
2021-06-08 01:00:00,53,280,16,260,29,235,46,265,28,255,44,245
2021-06-08 02:00:00,55,280,18,270,26,230,47,265,26,250,44,245
2021-06-08 03:00:00,53,275,17,275,24,225,47,265,26,255,43,245
2021-06-08 04:00:00,49,270,15,270,25,230,43,265,29,260,42,245
2021-06-08 05:00:00,46,270,16,260,25,230,42,260,33,270,42,240
2021-06-08 06:00:00,44,265,14,265,27,230,43,260,37,270,43,240
2021-06-08 07:00:00,38,265,12,265,21,235,41,255,37,270,42,240
2021-06-08 08:00:00,36,260,10,265,21,230,39,255,34,265,43,245
2021-06-08 09:00:00,35,260,8,260,19,230,39,255,32,250,44,245
2021-06-08 10:00:00,35,255,8,250,18,230,39,250,34,250,44,245
2021-06-08 11:00:00,34,250,7,235,19,235,38,250,36,245,41,240
2021-06-08 12:00:00,34,250,7,215,21,235,37,250,32,230,40,240
2021-06-08 13:00:00,36,260,8,210,19,230,34,255,35,240,39,240
2021-06-08 14:00:00,39,265,8,200,17,235,34,255,33,240,43,240
2021-06-08 15:00:00,40,265,9,180,16,230,35,255,33,240,42,240
2021-06-08 16:00:00,39,260,9,175,15,235,36,255,31,240,43,245
2021-06-08 17:00:00,38,250,9,175,17,230,37,250,33,235,46,250
2021-06-08 18:00:00,38,245,9,175,20,230,36,250,39,240,49,250
2021-06-08 19:00:00,36,240,7,160,23,215,37,250,41,240,51,255
2021-06-08 20:00:00,36,245,8,150,28,215,37,250,39,240,52,250
2021-06-08 21:00:00,37,240,9,150,31,215,40,250,44,240,52,250
2021-06-08 22:00:00,39,245,10,155,36,210,42,250,44,240,55,250
2021-06-08 23:00:00,40,240,8,160,43,215,43,245,45,240,55,250
2021-06-09 00:00:00,41,245,11,175,46,230,43,240,45,240,55,250
2021-06-09 01:00:00,45,240,11,185,43,240,46,235,44,240,54,250
2021-06-09 02:00:00,48,245,14,200,42,240,45,235,45,245,52,250
2021-06-09 03:00:00,51,250,13,210,44,240,43,240,46,240,50,250
2021-06-09 04:00:00,52,255,10,220,46,240,43,245,47,245,49,250
2021-06-09 05:00:00,49,255,12,250,44,245,44,245,43,250,49,250
2021-06-09 06:00:00,48,255,11,260,44,240,44,245,41,250,49,250
2021-06-09 07:00:00,46,250,10,240,42,240,42,245,48,245,48,255
2021-06-09 08:00:00,49,250,11,230,42,240,44,245,51,245,48,255
2021-06-09 09:00:00,49,250,13,235,41,240,47,250,53,245,48,250
2021-06-09 10:00:00,50,250,11,230,35,235,49,250,52,245,47,250
2021-06-09 11:00:00,54,255,12,220,30,225,51,255,45,245,42,250
2021-06-09 12:00:00,46,255,13,210,31,225,51,260,44,250,36,250
2021-06-09 13:00:00,39,265,12,220,32,230,49,260,33,255,33,250
2021-06-09 14:00:00,39,260,11,230,33,225,51,260,32,255,33,255
2021-06-09 15:00:00,43,265,11,225,34,225,53,260,31,245,34,260
2021-06-09 16:00:00,44,260,12,220,38,225,54,260,31,250,36,260
2021-06-09 17:00:00,40,260,12,225,38,225,51,260,37,255,39,260
2021-06-09 18:00:00,39,260,14,230,35,230,50,260,43,255,42,260
2021-06-09 19:00:00,40,260,14,225,35,230,50,260,41,255,40,255
2021-06-09 20:00:00,40,260,12,215,32,230,52,265,39,260,38,255
2021-06-09 21:00:00,43,255,12,215,33,230,52,265,34,260,38,250
2021-06-09 22:00:00,40,255,13,215,34,235,51,265,30,245,40,250
2021-06-09 23:00:00,38,255,15,210,34,250,50,260,29,240,44,250
2021-06-10 00:00:00,43,250,18,215,33,250,49,260,31,245,48,250
2021-06-10 01:00:00,54,255,15,225,36,250,50,260,44,250,50,250
2021-06-10 02:00:00,58,255,14,240,36,255,52,260,50,250,53,245
2021-06-10 03:00:00,55,260,13,235,38,250,51,260,53,250,53,245
2021-06-10 04:00:00,57,260,13,235,38,255,52,260,50,265,53,250
2021-06-10 05:00:00,53,265,9,235,38,255,52,260,47,265,53,250
2021-06-10 06:00:00,50,265,8,225,36,255,52,260,45,265,55,250
2021-06-10 07:00:00,45,265,9,220,34,255,49,260,47,260,60,250
2021-06-10 08:00:00,43,270,13,220,31,255,46,265,46,265,63,260
2021-06-10 09:00:00,43,270,16,225,28,250,43,265,47,265,67,265
2021-06-10 10:00:00,42,275,16,220,25,245,46,265,45,270,67,270
2021-06-10 11:00:00,42,275,16,215,22,245,47,265,40,270,72,270
2021-06-10 12:00:00,46,275,17,210,19,240,46,270,37,270,64,265
2021-06-10 13:00:00,49,270,15,225,16,240,43,275,37,270,55,270
2021-06-10 14:00:00,50,275,15,225,16,235,45,280,38,270,50,270
2021-06-10 15:00:00,48,275,19,235,16,240,52,275,42,270,44,265
2021-06-10 16:00:00,49,270,24,245,16,235,48,270,44,270,36,265
2021-06-10 17:00:00,50,275,25,250,17,235,50,275,43,270,34,250
2021-06-10 18:00:00,50,275,26,250,16,240,54,275,44,270,36,245
2021-06-10 19:00:00,55,275,25,250,16,240,55,275,48,270,38,255
2021-06-10 20:00:00,59,275,20,250,15,245,60,275,49,270,36,255
2021-06-10 21:00:00,60,270,15,260,16,260,56,280,49,270,34,250
2021-06-10 22:00:00,61,265,15,270,18,270,46,280,53,265,35,250
2021-06-10 23:00:00,58,270,17,270,21,275,44,280,55,270,37,250
2021-06-11 00:00:00,54,275,21,270,25,280,46,280,52,275,38,255
2021-06-11 01:00:00,51,280,24,275,30,280,49,285,54,280,40,255
2021-06-11 02:00:00,49,280,24,280,30,275,53,285,57,280,41,255
2021-06-11 03:00:00,49,275,23,275,29,285,55,280,60,280,43,255
2021-06-11 04:00:00,47,270,20,275,31,295,54,275,56,280,44,250
2021-06-11 05:00:00,47,275,18,265,32,290,53,275,52,275,46,250
2021-06-11 06:00:00,50,275,17,265,35,275,52,275,51,275,46,255
2021-06-11 07:00:00,49,270,17,265,34,290,49,270,47,270,45,255
2021-06-11 08:00:00,49,270,15,260,26,305,49,275,46,270,44,255
2021-06-11 09:00:00,48,265,15,250,21,310,46,270,44,270,45,255
2021-06-11 10:00:00,48,265,15,245,19,300,45,270,43,265,43,250
2021-06-11 11:00:00,46,265,13,245,21,285,45,270,44,265,37,250
2021-06-11 12:00:00,45,260,12,240,26,285,45,270,46,265,33,250
2021-06-11 13:00:00,46,270,11,245,25,285,47,275,44,270,33,255
2021-06-11 14:00:00,49,275,9,235,25,275,49,270,45,270,35,260
2021-06-11 15:00:00,50,275,10,225,24,270,49,270,45,270,38,270
2021-06-11 16:00:00,51,275,15,240,22,270,49,270,44,270,39,270
2021-06-11 17:00:00,52,275,17,250,21,265,50,270,45,275,41,270
2021-06-11 18:00:00,50,270,17,255,20,265,49,270,46,275,38,265
2021-06-11 19:00:00,49,275,17,255,19,270,47,275,43,275,42,260
2021-06-11 20:00:00,49,275,15,255,18,270,48,280,45,280,45,265
2021-06-11 21:00:00,47,275,17,260,19,275,48,280,47,280,47,270
2021-06-11 22:00:00,45,280,23,260,21,285,48,280,49,285,47,270
2021-06-11 23:00:00,44,275,25,270,21,295,49,275,51,285,45,265
2021-06-12 00:00:00,47,275,25,270,21,300,54,275,48,280,47,265
2021-06-12 01:00:00,53,275,25,270,21,285,58,270,43,275,46,260
2021-06-12 02:00:00,57,280,25,270,23,280,59,270,42,275,47,260
2021-06-12 03:00:00,57,280,24,270,25,285,57,270,42,280,48,260
2021-06-12 04:00:00,57,280,22,270,24,300,55,270,45,280,52,260
2021-06-12 05:00:00,55,275,21,270,22,310,53,275,49,285,56,255
2021-06-12 06:00:00,52,275,21,275,23,310,49,275,49,280,57,255
2021-06-12 07:00:00,49,275,22,275,26,310,48,270,46,280,53,255
2021-06-12 08:00:00,48,270,23,270,26,310,51,270,46,280,52,255
2021-06-12 09:00:00,46,275,24,265,27,315,51,270,45,280,49,255
2021-06-12 10:00:00,44,275,22,270,29,315,51,265,42,280,47,255
2021-06-12 11:00:00,43,275,22,275,27,310,52,270,39,280,48,255
2021-06-12 12:00:00,42,275,19,280,26,305,52,270,38,280,43,255
2021-06-12 13:00:00,39,275,12,280,26,300,51,275,37,280,39,250
2021-06-12 14:00:00,35,275,10,275,32,295,51,275,36,275,38,250
2021-06-12 15:00:00,37,280,8,270,37,295,54,275,39,275,37,250
2021-06-12 16:00:00,34,280,8,260,36,295,56,275,41,270,37,245
2021-06-12 17:00:00,34,275,10,255,36,295,55,275,40,265,38,245
2021-06-12 18:00:00,29,275,12,255,36,295,53,275,39,260,40,250
2021-06-12 19:00:00,29,270,14,260,36,290,50,270,35,255,43,255
2021-06-12 20:00:00,34,265,17,260,36,285,50,270,34,255,42,255
2021-06-12 21:00:00,38,265,19,265,39,280,52,265,35,255,42,255
2021-06-12 22:00:00,39,265,22,270,43,275,53,265,35,255,43,250
2021-06-12 23:00:00,43,265,23,275,45,280,54,265,38,255,45,250
2021-06-13 00:00:00,47,260,23,275,43,280,53,260,40,250,48,250
2021-06-13 01:00:00,50,260,21,280,45,275,54,265,41,260,51,250
2021-06-13 02:00:00,52,265,20,275,53,270,54,265,45,260,51,250
2021-06-13 03:00:00,56,265,20,275,53,270,55,270,49,260,52,255
2021-06-13 04:00:00,55,265,19,275,50,275,54,265,52,260,51,255
2021-06-13 05:00:00,57,265,17,275,49,275,51,265,52,265,52,255
2021-06-13 06:00:00,58,260,18,280,51,275,52,265,51,265,53,255
2021-06-13 07:00:00,54,260,19,275,47,280,49,260,52,265,53,255
2021-06-13 08:00:00,53,260,19,275,44,280,48,260,50,255,50,255
2021-06-13 09:00:00,51,255,18,280,46,280,44,260,48,260,49,255
2021-06-13 10:00:00,48,260,18,280,49,275,42,255,45,255,47,255
2021-06-13 11:00:00,44,260,16,270,47,275,43,255,47,255,44,250
2021-06-13 12:00:00,38,255,17,255,47,275,42,255,51,255,39,245
2021-06-13 13:00:00,37,260,16,255,51,270,42,255,52,260,34,245
2021-06-13 14:00:00,33,255,14,240,50,270,44,260,53,265,32,245
2021-06-13 15:00:00,34,255,16,240,51,265,45,260,53,265,29,250
2021-06-13 16:00:00,39,260,18,245,51,265,44,265,54,265,29,250
2021-06-13 17:00:00,40,260,20,245,50,265,45,265,54,265,30,250
2021-06-13 18:00:00,41,265,24,245,49,260,45,265,53,265,32,250
2021-06-13 19:00:00,36,260,28,255,53,265,46,265,53,265,34,255
2021-06-13 20:00:00,36,260,32,260,60,270,47,265,53,265,38,260
2021-06-13 21:00:00,40,260,35,265,59,270,45,265,53,260,39,260
2021-06-13 22:00:00,44,260,37,260,55,270,44,265,52,255,39,260
2021-06-13 23:00:00,45,255,36,265,50,270,43,260,49,255,40,260
2021-06-14 00:00:00,46,255,36,270,50,265,43,260,48,255,40,260
2021-06-14 01:00:00,48,255,37,260,54,265,48,260,50,255,40,255
2021-06-14 02:00:00,50,260,35,260,52,260,50,260,52,255,38,255
2021-06-14 03:00:00,49,260,38,260,50,255,51,260,50,260,37,250
2021-06-14 04:00:00,46,260,36,255,43,250,52,260,49,260,37,250
2021-06-14 05:00:00,47,260,35,255,43,250,53,260,45,260,38,245
2021-06-14 06:00:00,47,260,37,255,45,250,52,260,42,255,38,245
2021-06-14 07:00:00,46,260,34,250,39,250,51,260,40,255,40,245
2021-06-14 08:00:00,46,255,34,250,37,255,50,260,41,255,41,245
2021-06-14 09:00:00,45,255,31,245,38,255,49,260,41,255,41,245
2021-06-14 10:00:00,43,255,33,245,40,260,45,255,39,255,40,245
2021-06-14 11:00:00,36,255,33,245,40,260,42,255,37,255,36,245
2021-06-14 12:00:00,33,255,31,250,40,265,40,255,32,250,33,240
2021-06-14 13:00:00,37,250,30,245,39,260,39,255,32,240,30,240
2021-06-14 14:00:00,41,250,27,250,40,260,41,255,32,240,30,245
2021-06-14 15:00:00,39,250,23,250,41,255,44,260,36,235,29,245
2021-06-14 16:00:00,38,250,23,250,39,245,46,260,42,240,28,245
2021-06-14 17:00:00,38,250,25,245,37,240,47,260,45,240,27,245
2021-06-14 18:00:00,39,255,23,245,37,240,46,260,48,245,28,250
2021-06-14 19:00:00,50,265,25,245,35,250,46,260,46,245,29,250
2021-06-14 20:00:00,51,265,22,245,34,255,48,260,42,245,32,250
2021-06-14 21:00:00,51,265,21,245,33,250,47,260,40,260,33,255
2021-06-14 22:00:00,50,265,23,250,29,250,47,260,43,265,34,255
2021-06-14 23:00:00,50,265,25,250,27,245,47,260,41,265,34,255
2021-06-15 00:00:00,51,265,26,250,25,240,49,260,43,260,35,255
2021-06-15 01:00:00,53,265,25,250,30,245,52,260,49,260,36,260
2021-06-15 02:00:00,55,265,22,245,35,255,53,265,50,260,38,255
2021-06-15 03:00:00,54,265,21,240,37,265,53,265,51,260,39,260
2021-06-15 04:00:00,53,265,19,240,37,275,53,265,51,260,40,260
2021-06-15 05:00:00,53,265,22,245,35,280,53,265,52,265,41,265
2021-06-15 06:00:00,52,265,20,240,34,275,51,265,52,265,41,260
2021-06-15 07:00:00,52,270,17,235,32,275,47,265,52,265,42,260
2021-06-15 08:00:00,47,270,20,225,35,270,45,270,51,265,42,255
2021-06-15 09:00:00,42,275,20,220,40,270,42,270,49,265,42,255
2021-06-15 10:00:00,41,275,22,225,46,265,38,275,49,265,42,255
2021-06-15 11:00:00,40,275,19,235,50,265,36,270,49,265,41,255
2021-06-15 12:00:00,37,270,25,240,50,260,33,270,49,260,39,250
2021-06-15 13:00:00,33,265,23,240,41,265,28,265,44,260,39,250
2021-06-15 14:00:00,33,260,21,230,36,260,27,260,42,260,39,245
2021-06-15 15:00:00,36,260,21,235,32,255,30,255,37,260,37,245
2021-06-15 16:00:00,42,260,22,240,29,260,34,255,36,255,35,240
2021-06-15 17:00:00,47,255,22,235,35,270,36,260,37,250,34,240
2021-06-15 18:00:00,44,255,24,240,37,270,36,265,41,255,33,240
2021-06-15 19:00:00,43,255,26,235,33,260,38,265,43,255,33,240
2021-06-15 20:00:00,42,260,26,235,36,255,39,265,47,260,34,245
2021-06-15 21:00:00,39,260,28,240,41,260,39,270,46,255,35,250
2021-06-15 22:00:00,38,265,23,245,44,260,39,270,45,255,35,255
2021-06-15 23:00:00,38,265,27,240,48,265,37,270,45,260,35,255
2021-06-16 00:00:00,38,270,29,245,51,260,36,270,43,260,36,255
2021-06-16 01:00:00,37,270,26,250,45,265,34,270,42,260,37,250
2021-06-16 02:00:00,36,270,23,250,41,260,34,270,43,260,39,250
2021-06-16 03:00:00,36,270,23,250,43,265,33,270,42,255,38,250
2021-06-16 04:00:00,35,265,26,250,46,265,32,270,42,255,38,250
2021-06-16 05:00:00,36,265,27,250,44,265,33,265,42,260,38,250
2021-06-16 06:00:00,36,260,26,245,40,270,32,265,42,255,38,245
2021-06-16 07:00:00,39,260,21,240,41,265,35,260,44,255,36,240
2021-06-16 08:00:00,41,260,16,235,40,260,36,255,44,255,36,240
2021-06-16 09:00:00,42,260,18,220,38,260,36,255,45,255,35,240
2021-06-16 10:00:00,42,265,20,215,38,255,35,255,45,255,32,235
2021-06-16 11:00:00,36,260,18,215,38,250,33,250,43,255,26,235
2021-06-16 12:00:00,36,255,21,215,39,245,33,255,39,250,25,230
2021-06-16 13:00:00,31,250,20,215,33,245,34,250,34,245,26,240
2021-06-16 14:00:00,32,240,19,225,33,240,35,255,31,235,26,240
2021-06-16 15:00:00,31,235,18,225,31,235,35,255,32,235,24,240
2021-06-16 16:00:00,27,240,22,225,28,235,36,255,33,235,24,235
2021-06-16 17:00:00,29,245,24,225,28,235,38,260,37,235,27,235
2021-06-16 18:00:00,31,250,27,230,37,235,38,265,36,230,26,230
2021-06-16 19:00:00,23,265,29,225,34,225,36,265,34,240,29,230
2021-06-16 20:00:00,29,270,28,235,33,235,37,265,33,240,30,235
2021-06-16 21:00:00,31,270,21,240,38,250,37,260,36,250,30,235
2021-06-16 22:00:00,32,270,23,255,38,260,36,260,39,250,30,235
2021-06-16 23:00:00,32,265,26,260,39,260,33,260,38,250,31,240
2021-06-17 00:00:00,31,255,28,260,38,265,31,260,37,255,32,235
2021-06-17 01:00:00,27,245,27,255,36,265,29,255,33,250,35,235
2021-06-17 02:00:00,25,240,23,250,35,265,27,250,33,245,36,240
2021-06-17 03:00:00,25,235,18,245,39,265,25,245,32,245,37,240
2021-06-17 04:00:00,25,240,16,245,35,270,24,240,32,240,37,240
2021-06-17 05:00:00,27,245,14,245,31,270,24,240,31,240,35,235
2021-06-17 06:00:00,26,250,13,225,28,275,25,245,31,245,32,235
2021-06-17 07:00:00,25,255,20,215,29,275,25,250,31,250,29,235
2021-06-17 08:00:00,24,255,25,225,30,270,24,250,32,255,28,240
2021-06-17 09:00:00,25,255,24,225,32,265,24,255,32,260,27,240
2021-06-17 10:00:00,26,255,23,235,33,260,26,260,31,260,28,240
2021-06-17 11:00:00,26,260,20,235,25,245,26,260,29,255,27,245
2021-06-17 12:00:00,23,270,20,235,23,240,25,260,26,250,23,245
2021-06-17 13:00:00,23,265,26,245,24,235,26,260,26,245,20,240
2021-06-17 14:00:00,21,270,26,240,24,240,25,265,26,245,19,235
2021-06-17 15:00:00,21,265,26,240,25,240,24,265,26,250,18,240
2021-06-17 16:00:00,22,260,21,240,26,240,24,265,23,250,16,245
2021-06-17 17:00:00,22,255,21,245,26,240,24,265,22,245,15,240
2021-06-17 18:00:00,21,245,20,255,25,245,25,260,19,230,15,245
2021-06-17 19:00:00,22,245,23,265,23,240,24,260,22,240,13,240
2021-06-17 20:00:00,23,245,25,270,25,235,22,260,22,250,14,215
2021-06-17 21:00:00,20,240,25,270,28,230,20,265,21,255,13,205
2021-06-17 22:00:00,18,245,25,265,29,230,18,265,19,260,13,210
2021-06-17 23:00:00,18,250,23,265,28,235,17,265,20,260,14,220
2021-06-18 00:00:00,19,255,25,255,27,245,21,260,21,265,14,230
2021-06-18 01:00:00,18,265,26,255,25,245,23,260,23,265,17,230
2021-06-18 02:00:00,18,270,25,255,25,250,24,260,25,265,19,235
2021-06-18 03:00:00,20,270,25,260,23,255,25,260,25,265,20,240
2021-06-18 04:00:00,20,265,25,260,21,270,24,270,24,270,20,240
2021-06-18 05:00:00,21,265,27,265,22,285,22,275,23,270,19,250
2021-06-18 06:00:00,20,265,27,260,21,290,20,280,21,265,17,255
2021-06-18 07:00:00,21,265,27,250,18,310,20,275,21,260,16,245
2021-06-18 08:00:00,20,260,24,245,17,315,18,270,22,255,15,245
2021-06-18 09:00:00,19,260,18,245,18,315,17,265,23,250,15,245
2021-06-18 10:00:00,19,260,17,245,16,300,17,255,23,255,15,245
2021-06-18 11:00:00,18,260,15,245,12,280,17,250,22,255,16,245
2021-06-18 12:00:00,16,260,14,245,12,265,16,250,18,245,14,240
2021-06-18 13:00:00,15,250,14,250,13,255,17,245,17,230,12,240
2021-06-18 14:00:00,16,255,13,240,14,255,16,250,17,225,12,240
2021-06-18 15:00:00,16,260,15,240,15,245,17,250,18,230,12,235
2021-06-18 16:00:00,16,270,16,230,14,240,18,250,20,240,14,240
2021-06-18 17:00:00,17,280,20,225,14,235,19,260,21,245,16,250
2021-06-18 18:00:00,19,280,24,240,18,220,21,265,20,245,17,250
2021-06-18 19:00:00,17,260,27,250,18,215,22,270,23,250,14,240
2021-06-18 20:00:00,18,260,30,255,22,225,22,270,25,240,11,225
2021-06-18 21:00:00,17,260,31,260,27,235,21,265,23,240,9,220
2021-06-18 22:00:00,15,265,34,265,28,240,21,260,25,245,8,220
2021-06-18 23:00:00,16,265,35,265,33,250,21,265,27,250,9,225
2021-06-19 00:00:00,19,265,34,275,37,260,20,265,28,260,9,235
2021-06-19 01:00:00,19,270,29,275,41,255,17,270,29,255,10,250
2021-06-19 02:00:00,20,270,28,265,40,265,17,265,30,255,10,265
2021-06-19 03:00:00,21,270,27,265,36,275,17,270,29,255,11,285
2021-06-19 04:00:00,19,270,28,265,32,280,18,270,28,260,10,300
2021-06-19 05:00:00,19,275,28,270,29,280,18,270,27,260,9,305
2021-06-19 06:00:00,17,275,26,275,26,280,18,275,26,265,10,295
2021-06-19 07:00:00,18,285,27,280,25,285,17,295,22,275,9,295
2021-06-19 08:00:00,20,285,25,280,24,285,16,300,21,280,10,290
2021-06-19 09:00:00,21,285,22,280,23,290,16,305,19,280,8,285
2021-06-19 10:00:00,22,285,15,285,19,300,17,300,19,280,8,275
2021-06-19 11:00:00,19,285,15,275,16,295,17,290,18,275,8,260
2021-06-19 12:00:00,19,280,16,275,14,285,18,280,16,270,10,255
2021-06-19 13:00:00,20,285,17,260,19,270,18,285,16,265,11,260
2021-06-19 14:00:00,21,290,18,255,22,265,18,290,17,260,12,260
2021-06-19 15:00:00,22,290,22,255,23,265,18,290,18,260,13,260
2021-06-19 16:00:00,22,290,25,260,23,265,17,285,18,265,12,265
2021-06-19 17:00:00,22,285,25,265,22,260,20,285,19,260,11,265
2021-06-19 18:00:00,23,280,24,265,25,260,24,285,21,260,8,250
2021-06-19 19:00:00,22,280,23,265,25,255,23,290,22,265,8,215
2021-06-19 20:00:00,22,280,26,265,23,255,20,290,22,265,7,205
2021-06-19 21:00:00,22,275,30,265,23,250,16,280,23,260,6,220
2021-06-19 22:00:00,21,285,34,255,23,250,15,265,24,250,6,235
2021-06-19 23:00:00,26,280,37,260,27,255,15,250,27,260,7,235
2021-06-20 00:00:00,22,275,35,265,33,260,17,250,29,260,10,245
2021-06-20 01:00:00,24,280,28,265,29,260,20,260,31,265,14,260
2021-06-20 02:00:00,25,280,26,270,35,265,21,265,34,270,16,270
2021-06-20 03:00:00,25,280,29,270,35,260,23,275,34,275,19,275
2021-06-20 04:00:00,25,280,27,275,32,265,23,285,33,275,20,280
2021-06-20 05:00:00,25,280,24,275,30,275,22,290,34,275,19,280
2021-06-20 06:00:00,26,280,21,275,28,285,22,295,35,280,19,280
2021-06-20 07:00:00,27,280,20,275,26,295,24,295,33,280,17,285
2021-06-20 08:00:00,28,280,19,275,22,300,24,290,31,275,18,285
2021-06-20 09:00:00,27,285,21,270,20,300,24,285,29,275,19,280
2021-06-20 10:00:00,26,285,20,270,19,290,23,290,28,275,19,270
2021-06-20 11:00:00,25,280,21,270,18,270,22,285,27,270,20,270
2021-06-20 12:00:00,25,280,19,270,18,265,20,280,23,265,21,270
2021-06-20 13:00:00,26,285,16,270,18,260,19,285,19,265,22,265
2021-06-20 14:00:00,29,290,18,270,20,260,22,290,21,270,22,260
2021-06-20 15:00:00,29,290,20,270,20,260,25,290,22,275,22,260
2021-06-20 16:00:00,23,290,22,265,21,260,27,290,21,275,20,255
2021-06-20 17:00:00,24,285,25,265,24,260,30,290,20,275,17,245
2021-06-20 18:00:00,23,275,25,265,28,265,27,285,17,280,17,240
2021-06-20 19:00:00,30,265,23,275,28,265,23,280,27,260,16,245
2021-06-20 20:00:00,29,270,26,285,27,265,22,270,33,260,17,255
2021-06-20 21:00:00,28,265,27,285,26,260,19,260,33,250,20,260
2021-06-20 22:00:00,27,265,25,280,28,260,20,260,32,260,23,265
2021-06-20 23:00:00,29,270,22,280,27,270,21,260,32,265,23,260
2021-06-21 00:00:00,31,275,22,275,24,280,23,265,32,265,25,265
2021-06-21 01:00:00,30,285,25,280,23,275,21,270,30,270,27,265
2021-06-21 02:00:00,31,285,26,275,24,275,22,275,30,275,29,260
2021-06-21 03:00:00,32,290,26,275,25,280,23,285,28,280,30,265
2021-06-21 04:00:00,34,290,25,275,27,280,25,295,26,285,29,265
2021-06-21 05:00:00,34,295,23,275,25,285,25,295,25,285,29,260
2021-06-21 06:00:00,32,295,21,275,19,295,24,295,24,290,30,260
2021-06-21 07:00:00,32,295,19,270,17,295,24,295,23,285,29,265
2021-06-21 08:00:00,31,295,19,270,17,290,24,290,23,285,32,260
2021-06-21 09:00:00,31,295,18,270,17,290,24,290,23,280,33,265
2021-06-21 10:00:00,32,290,17,270,17,285,23,285,23,275,35,275
2021-06-21 11:00:00,28,280,18,265,17,275,20,280,21,270,37,270
2021-06-21 12:00:00,28,280,17,260,17,270,18,270,21,260,36,270
2021-06-21 13:00:00,27,280,16,250,16,265,17,270,21,255,35,260
2021-06-21 14:00:00,27,280,17,245,16,255,20,270,22,260,35,260
2021-06-21 15:00:00,24,270,17,240,15,250,22,265,22,255,33,260
2021-06-21 16:00:00,23,270,16,230,14,245,24,265,23,255,31,270
2021-06-21 17:00:00,26,280,14,230,15,240,24,255,23,255,31,280
2021-06-21 18:00:00,38,285,14,230,18,235,26,240,22,255,34,280
2021-06-21 19:00:00,35,285,17,225,21,240,30,250,27,255,31,275
2021-06-21 20:00:00,30,285,18,235,23,240,27,260,29,255,32,265
2021-06-21 21:00:00,23,275,18,245,23,240,24,270,34,250,30,260
2021-06-21 22:00:00,21,275,17,255,22,245,21,275,33,265,28,260
2021-06-21 23:00:00,21,275,18,260,28,245,20,280,33,265,29,260
2021-06-22 00:00:00,22,275,21,265,29,245,19,280,32,265,31,260
2021-06-22 01:00:00,22,275,21,275,31,245,16,275,31,265,28,260
2021-06-22 02:00:00,23,280,20,275,30,250,15,270,30,265,28,260
2021-06-22 03:00:00,22,275,19,275,28,250,15,275,30,270,29,260
2021-06-22 04:00:00,21,275,17,280,27,250,15,275,32,275,30,255
2021-06-22 05:00:00,22,270,14,280,26,260,16,285,32,280,33,255
2021-06-22 06:00:00,22,275,14,280,23,265,15,280,34,280,36,255
2021-06-22 07:00:00,23,275,13,280,17,275,13,270,33,275,38,250
2021-06-22 08:00:00,22,275,12,280,13,280,14,275,32,275,38,250
2021-06-22 09:00:00,21,275,12,280,9,275,15,270,30,270,38,250
2021-06-22 10:00:00,20,265,9,265,7,260,16,265,31,270,38,250
2021-06-22 11:00:00,19,255,9,250,7,250,17,255,26,255,32,250
2021-06-22 12:00:00,19,255,9,245,9,235,18,255,24,255,30,250
2021-06-22 13:00:00,17,260,8,230,10,230,17,255,21,250,28,255
2021-06-22 14:00:00,20,260,8,205,11,230,18,260,19,245,29,260
2021-06-22 15:00:00,23,260,12,205,11,230,20,260,19,245,28,260
2021-06-22 16:00:00,23,260,14,195,10,225,24,260,20,245,30,265
2021-06-22 17:00:00,26,250,13,200,11,220,29,265,22,240,34,260
2021-06-22 18:00:00,28,245,16,200,12,215,33,265,25,240,37,260
2021-06-22 19:00:00,27,255,16,205,8,210,31,260,26,220,40,260
2021-06-22 20:00:00,28,255,18,215,14,215,29,260,30,235,41,260
2021-06-22 21:00:00,29,255,19,225,18,225,27,260,33,240,40,255
2021-06-22 22:00:00,28,255,20,240,21,240,28,260,35,250,41,255
2021-06-22 23:00:00,27,260,21,250,35,245,29,260,33,250,42,255
2021-06-23 00:00:00,26,270,24,260,36,245,31,260,33,255,43,255
2021-06-23 01:00:00,21,270,24,260,28,245,30,260,33,260,43,255
2021-06-23 02:00:00,18,270,24,260,28,250,28,265,36,255,43,260
2021-06-23 03:00:00,17,270,22,265,25,250,27,265,37,260,42,260
2021-06-23 04:00:00,18,270,18,270,25,255,24,260,36,265,42,260
2021-06-23 05:00:00,20,270,18,270,23,265,23,265,35,265,43,260
2021-06-23 06:00:00,21,265,19,275,19,270,24,270,34,265,44,260
2021-06-23 07:00:00,21,265,18,265,17,270,25,270,34,265,42,255
2021-06-23 08:00:00,20,270,17,260,15,265,25,270,34,265,42,255
2021-06-23 09:00:00,20,270,16,255,15,265,25,265,32,260,43,250
2021-06-23 10:00:00,21,275,16,255,14,265,25,270,31,260,45,250
2021-06-23 11:00:00,23,275,17,260,13,270,25,270,30,260,42,255
2021-06-23 12:00:00,23,265,15,255,13,260,25,270,24,250,37,250
2021-06-23 13:00:00,19,270,15,250,11,250,25,265,23,245,35,255
2021-06-23 14:00:00,21,265,12,245,10,240,29,265,23,245,36,255
2021-06-23 15:00:00,22,260,12,245,11,240,30,270,23,245,34,255
2021-06-23 16:00:00,22,265,14,250,11,235,30,270,25,245,37,255
2021-06-23 17:00:00,24,270,16,255,13,230,30,270,28,245,40,260
2021-06-23 18:00:00,26,265,19,250,17,225,30,265,28,240,44,260
2021-06-23 19:00:00,24,255,20,250,30,220,31,260,30,225,48,265
2021-06-23 20:00:00,31,260,23,250,30,225,31,260,33,240,48,270
2021-06-23 21:00:00,36,265,24,255,35,230,32,265,29,245,46,270
2021-06-23 22:00:00,35,275,24,265,33,235,33,275,34,240,46,270
2021-06-23 23:00:00,36,275,25,270,35,235,39,280,35,240,47,275
2021-06-24 00:00:00,42,275,25,275,38,235,37,285,35,250,47,275
2021-06-24 01:00:00,43,280,24,275,40,240,35,290,40,270,45,275
2021-06-24 02:00:00,42,280,24,275,40,245,31,290,39,275,44,275
2021-06-24 03:00:00,39,280,23,275,38,245,29,290,44,275,42,275
2021-06-24 04:00:00,41,280,22,280,37,250,29,290,45,280,38,280
2021-06-24 05:00:00,42,280,21,280,32,250,28,285,43,280,37,280
2021-06-24 06:00:00,41,290,19,280,24,260,27,280,41,285,36,275
2021-06-24 07:00:00,39,295,19,275,19,270,27,275,37,290,34,280
2021-06-24 08:00:00,38,295,18,270,17,280,27,285,33,285,32,280
2021-06-24 09:00:00,37,300,19,270,14,295,28,300,33,285,31,285
2021-06-24 10:00:00,36,295,20,270,12,295,30,300,31,290,29,285
2021-06-24 11:00:00,37,295,20,265,10,280,28,300,27,290,25,280
2021-06-24 12:00:00,31,290,21,260,8,270,25,295,22,280,22,275
2021-06-24 13:00:00,30,290,21,265,8,240,24,290,18,280,23,280
2021-06-24 14:00:00,30,295,19,260,10,235,26,295,17,275,24,280
2021-06-24 15:00:00,32,290,20,260,11,235,27,290,15,270,25,280
2021-06-24 16:00:00,32,290,20,265,11,230,28,290,16,265,24,280
2021-06-24 17:00:00,31,280,18,265,11,230,27,290,18,265,22,285
2021-06-24 18:00:00,33,280,16,270,9,225,23,290,19,260,22,290
2021-06-24 19:00:00,30,280,15,280,6,215,19,290,23,255,25,295
2021-06-24 20:00:00,29,285,14,275,7,180,19,285,22,250,31,295
2021-06-24 21:00:00,24,275,13,265,10,165,17,295,25,245,33,295
2021-06-24 22:00:00,23,275,14,265,12,165,16,305,27,235,35,295
2021-06-24 23:00:00,26,280,15,255,12,175,15,295,28,235,34,295
2021-06-25 00:00:00,27,280,18,250,13,195,15,290,28,240,33,290
2021-06-25 01:00:00,27,280,21,250,17,210,17,285,25,255,27,295
2021-06-25 02:00:00,29,280,21,255,17,235,20,280,24,255,26,290
2021-06-25 03:00:00,30,280,20,260,19,250,21,275,25,255,27,290
2021-06-25 04:00:00,29,275,20,265,18,260,23,275,28,255,29,285
2021-06-25 05:00:00,29,275,19,265,17,260,23,280,28,255,31,280
2021-06-25 06:00:00,29,280,19,265,17,255,23,275,29,255,32,280
2021-06-25 07:00:00,27,275,19,270,17,255,21,270,27,255,33,280
2021-06-25 08:00:00,25,275,18,265,15,260,19,270,27,260,33,280
2021-06-25 09:00:00,24,275,18,265,14,265,18,265,27,260,32,275
2021-06-25 10:00:00,24,270,14,260,12,275,18,260,27,260,28,275
2021-06-25 11:00:00,23,265,10,250,8,265,18,255,26,260,24,265
2021-06-25 12:00:00,20,255,9,240,9,240,16,250,21,245,24,260
2021-06-25 13:00:00,18,255,9,250,9,235,15,245,18,235,26,265
2021-06-25 14:00:00,20,260,10,245,10,230,17,245,18,235,26,270
2021-06-25 15:00:00,21,255,11,240,10,220,18,250,17,235,27,275
2021-06-25 16:00:00,19,260,10,230,9,215,20,260,18,230,29,270
2021-06-25 17:00:00,17,260,11,220,14,215,21,260,19,225,28,270
2021-06-25 18:00:00,14,265,12,215,18,220,23,260,22,230,28,270
2021-06-25 19:00:00,16,255,13,210,22,220,22,255,22,225,29,275
2021-06-25 20:00:00,18,250,12,210,25,210,21,245,20,230,29,275
2021-06-25 21:00:00,18,245,12,215,24,200,21,240,20,230,29,280
2021-06-25 22:00:00,15,225,10,215,27,200,20,240,21,215,30,280
2021-06-25 23:00:00,14,225,11,225,30,205,19,235,23,215,30,280
2021-06-26 00:00:00,14,225,13,230,31,215,18,230,25,215,30,275
2021-06-26 01:00:00,14,220,14,235,27,220,20,225,24,220,29,265
2021-06-26 02:00:00,14,220,13,240,23,230,20,225,24,220,30,260
2021-06-26 03:00:00,15,215,11,250,18,230,22,225,27,215,30,260
2021-06-26 04:00:00,16,215,9,240,14,220,24,225,28,215,29,260
2021-06-26 05:00:00,16,215,10,240,15,220,24,230,27,215,27,260
2021-06-26 06:00:00,15,215,8,235,16,225,23,225,26,210,27,260
2021-06-26 07:00:00,15,200,10,230,18,225,24,220,25,200,26,255
2021-06-26 08:00:00,15,200,10,230,20,220,25,215,26,200,25,250
2021-06-26 09:00:00,14,195,11,235,24,220,26,210,26,195,24,245
2021-06-26 10:00:00,15,185,11,225,25,215,25,210,25,195,22,240
2021-06-26 11:00:00,15,190,10,215,25,210,24,205,25,190,20,235
2021-06-26 12:00:00,14,200,11,205,25,210,24,210,24,185,18,225
2021-06-26 13:00:00,15,205,11,200,25,210,23,205,23,185,18,230
2021-06-26 14:00:00,17,205,12,200,24,205,23,205,23,185,19,225
2021-06-26 15:00:00,19,210,14,205,23,200,23,210,25,190,20,225
2021-06-26 16:00:00,18,220,15,205,23,200,24,215,25,190,19,220
2021-06-26 17:00:00,17,220,17,200,24,200,23,220,25,190,18,220
2021-06-26 18:00:00,18,235,20,200,26,195,22,220,26,200,17,220
2021-06-26 19:00:00,20,240,18,205,29,195,21,225,28,200,15,225
2021-06-26 20:00:00,20,240,17,210,31,210,22,230,26,200,14,225
2021-06-26 21:00:00,19,240,19,215,29,210,22,235,27,215,13,220
2021-06-26 22:00:00,18,240,17,215,25,215,21,230,27,225,13,225
2021-06-26 23:00:00,17,235,16,220,26,220,22,225,27,230,15,230
2021-06-27 00:00:00,18,230,14,225,24,220,23,225,26,230,14,230
2021-06-27 01:00:00,17,225,13,230,25,220,23,230,24,225,18,235
2021-06-27 02:00:00,17,225,12,235,25,220,23,230,23,220,21,235
2021-06-27 03:00:00,17,220,12,240,24,215,23,230,22,220,22,235
2021-06-27 04:00:00,18,220,12,240,25,215,24,230,20,220,21,235
2021-06-27 05:00:00,19,220,12,240,24,215,24,230,20,225,19,235
2021-06-27 06:00:00,18,220,12,255,23,215,24,230,21,230,17,240
2021-06-27 07:00:00,19,215,12,255,22,210,23,225,22,225,17,235
2021-06-27 08:00:00,20,215,12,260,22,205,24,225,23,225,17,230
2021-06-27 09:00:00,21,220,11,255,22,210,25,220,23,225,18,225
2021-06-27 10:00:00,21,215,12,250,24,215,25,220,23,220,19,230
2021-06-27 11:00:00,19,215,14,245,25,220,24,220,24,205,18,230
2021-06-27 12:00:00,18,225,17,250,26,220,24,215,24,205,16,230
2021-06-27 13:00:00,17,220,14,245,24,220,23,215,23,205,16,230
2021-06-27 14:00:00,18,225,14,240,23,225,24,215,22,210,17,240
2021-06-27 15:00:00,17,225,13,235,22,230,23,220,21,210,17,240
2021-06-27 16:00:00,20,250,12,240,23,230,23,225,20,215,16,235
2021-06-27 17:00:00,19,255,15,250,27,235,23,235,19,220,16,245
2021-06-27 18:00:00,18,250,18,255,29,235,23,240,20,240,15,240
2021-06-27 19:00:00,23,240,24,260,29,240,23,245,21,240,14,235
2021-06-27 20:00:00,23,235,27,270,31,235,23,240,20,235,14,240
2021-06-27 21:00:00,22,245,24,265,31,230,24,235,20,230,14,235
2021-06-27 22:00:00,18,240,21,265,36,235,23,230,24,235,16,235
2021-06-27 23:00:00,16,235,21,255,36,235,23,230,27,240,18,235
2021-06-28 00:00:00,17,240,22,255,38,235,23,235,27,235,20,235
2021-06-28 01:00:00,21,255,21,260,40,235,23,230,27,230,22,230
2021-06-28 02:00:00,22,255,22,265,41,235,23,225,28,230,23,230
2021-06-28 03:00:00,22,245,22,265,43,235,23,225,28,235,23,230
2021-06-28 04:00:00,22,235,22,270,47,240,24,225,30,240,23,230
2021-06-28 05:00:00,23,230,23,275,49,245,26,230,32,240,22,230
2021-06-28 06:00:00,25,230,22,275,46,250,27,235,33,240,22,230
2021-06-28 07:00:00,25,230,22,270,40,260,28,235,33,240,22,230
2021-06-28 08:00:00,24,235,26,265,34,255,28,240,32,240,22,230
2021-06-28 09:00:00,23,235,26,265,31,250,29,240,32,245,22,235
2021-06-28 10:00:00,22,240,26,265,29,250,28,240,32,245,23,240
2021-06-28 11:00:00,20,245,19,260,29,245,27,240,29,245,21,240
2021-06-28 12:00:00,19,255,19,255,33,245,27,240,28,240,21,240
2021-06-28 13:00:00,21,270,23,250,37,250,26,250,27,240,19,240
2021-06-28 14:00:00,22,275,26,255,42,250,27,255,27,245,20,245
2021-06-28 15:00:00,23,280,27,255,40,245,27,265,26,250,18,250
2021-06-28 16:00:00,22,280,30,255,42,255,28,270,25,250,16,250
2021-06-28 17:00:00,24,275,30,265,43,260,30,275,30,255,15,255
2021-06-28 18:00:00,25,280,25,270,44,260,28,275,33,255,16,260
2021-06-28 19:00:00,25,280,23,275,44,260,25,275,29,255,13,255
2021-06-28 20:00:00,27,280,22,275,44,270,24,265,29,265,10,255
2021-06-28 21:00:00,21,275,26,275,45,270,22,265,29,250,10,260
2021-06-28 22:00:00,17,265,28,275,45,265,19,270,28,245,11,270
2021-06-28 23:00:00,17,260,24,275,45,265,17,275,28,250,11,270
2021-06-29 00:00:00,19,260,24,280,44,265,15,265,28,250,11,275
2021-06-29 01:00:00,19,270,25,280,40,265,15,260,28,250,12,275
2021-06-29 02:00:00,17,275,23,280,34,260,15,255,27,255,12,280
2021-06-29 03:00:00,16,275,22,280,34,260,17,255,27,255,11,285
2021-06-29 04:00:00,16,275,22,280,34,260,17,255,27,260,10,290
2021-06-29 05:00:00,16,270,21,275,33,265,17,255,28,255,10,285
2021-06-29 06:00:00,19,270,21,270,30,265,17,255,30,255,10,285
2021-06-29 07:00:00,17,265,21,270,25,275,15,250,31,255,10,275
2021-06-29 08:00:00,17,260,21,270,24,275,15,245,32,255,9,265
2021-06-29 09:00:00,18,260,23,270,21,275,15,240,31,255,9,255
2021-06-29 10:00:00,19,265,21,270,21,270,15,245,32,255,10,235
2021-06-29 11:00:00,18,265,18,260,22,265,16,240,31,255,12,235
2021-06-29 12:00:00,16,260,18,255,21,255,17,240,27,250,12,225
2021-06-29 13:00:00,16,260,16,255,21,250,18,240,25,245,12,230
2021-06-29 14:00:00,18,255,18,255,22,240,20,245,25,240,14,230
2021-06-29 15:00:00,20,255,17,245,24,240,22,255,24,240,16,235
2021-06-29 16:00:00,21,250,19,245,25,235,24,260,25,245,16,240
2021-06-29 17:00:00,17,255,20,245,26,240,23,260,27,245,15,240
2021-06-29 18:00:00,18,245,22,255,28,245,26,260,31,250,17,235
2021-06-29 19:00:00,21,240,24,270,28,255,24,260,33,245,17,240
2021-06-29 20:00:00,21,245,26,275,26,255,23,255,35,245,18,245
2021-06-29 21:00:00,19,255,27,275,27,255,22,250,35,250,18,245
2021-06-29 22:00:00,21,255,27,280,28,250,21,245,36,250,19,245
2021-06-29 23:00:00,25,245,25,275,30,250,21,250,34,250,19,250
2021-06-30 00:00:00,27,250,26,275,30,245,20,255,34,245,19,255
2021-06-30 01:00:00,27,255,24,270,32,245,21,255,35,245,20,260
2021-06-30 02:00:00,26,260,25,275,33,240,21,260,36,250,21,260
2021-06-30 03:00:00,25,260,25,275,32,245,22,265,36,250,21,265
2021-06-30 04:00:00,26,260,24,275,32,245,23,260,36,255,22,265
2021-06-30 05:00:00,26,265,24,270,32,250,24,255,35,260,23,265
2021-06-30 06:00:00,24,265,24,270,31,260,25,255,33,265,23,260
2021-06-30 07:00:00,26,265,26,270,27,265,25,250,34,260,23,265
2021-06-30 08:00:00,27,265,25,270,24,265,24,250,35,260,22,260
2021-06-30 09:00:00,26,260,26,265,22,270,23,250,35,260,21,255
2021-06-30 10:00:00,26,265,25,260,21,270,22,250,35,260,22,255
2021-06-30 11:00:00,22,260,24,260,19,255,20,250,29,250,20,250
2021-06-30 12:00:00,21,260,20,255,19,240,20,250,26,245,19,245
2021-06-30 13:00:00,23,265,17,250,18,240,20,250,26,250,18,255
2021-06-30 14:00:00,25,265,17,245,18,240,21,250,26,250,19,260
2021-06-30 15:00:00,26,265,18,250,16,240,23,255,27,250,19,260
2021-06-30 16:00:00,16,265,17,255,19,235,24,260,25,255,17,265
2021-06-30 17:00:00,22,260,18,250,27,230,24,255,27,255,16,270
2021-06-30 18:00:00,29,270,19,250,30,235,26,250,27,260,14,270
2021-06-30 19:00:00,26,260,18,260,31,240,27,250,30,260,13,270
2021-06-30 20:00:00,27,260,19,265,29,240,28,250,31,265,11,270
2021-06-30 21:00:00,19,265,22,265,31,245,26,255,34,250,8,260
2021-06-30 22:00:00,19,260,26,265,36,240,22,255,32,250,8,250
2021-06-30 23:00:00,19,260,27,265,38,240,21,255,31,255,10,255
2021-07-01 00:00:00,20,265,28,270,36,235,23,255,30,255,11,255
2021-07-01 01:00:00,22,270,32,270,31,240,24,245,30,255,12,255
2021-07-01 02:00:00,23,275,32,270,32,240,24,245,28,255,13,255
2021-07-01 03:00:00,24,280,29,270,30,250,23,245,26,255,14,260
2021-07-01 04:00:00,24,280,25,270,29,255,21,245,25,260,13,255
2021-07-01 05:00:00,24,275,22,265,29,250,20,255,24,265,13,255
2021-07-01 06:00:00,21,275,19,265,25,255,18,260,24,265,11,255
2021-07-01 07:00:00,21,265,19,270,24,270,15,260,25,265,10,255
2021-07-01 08:00:00,20,260,19,265,25,275,14,260,26,265,10,250
2021-07-01 09:00:00,19,260,20,260,27,270,13,255,26,260,9,240
2021-07-01 10:00:00,19,255,18,260,27,265,14,245,27,255,9,245
2021-07-01 11:00:00,20,255,17,255,20,240,15,245,27,245,9,240
2021-07-01 12:00:00,17,245,19,250,21,230,17,240,24,230,9,235
2021-07-01 13:00:00,17,235,15,235,20,230,15,240,24,230,6,225
2021-07-01 14:00:00,17,235,15,235,22,230,16,240,23,235,5,215
2021-07-01 15:00:00,17,235,16,230,24,225,18,245,23,235,7,235
2021-07-01 16:00:00,19,240,20,235,27,225,21,255,22,230,10,250
2021-07-01 17:00:00,21,245,21,240,31,225,25,260,21,235,12,250
2021-07-01 18:00:00,21,245,22,240,33,230,26,260,22,245,9,245
2021-07-01 19:00:00,18,250,23,250,31,225,25,255,23,240,9,245
2021-07-01 20:00:00,21,255,25,250,31,225,26,255,24,235,9,245
2021-07-01 21:00:00,20,250,26,255,30,225,26,250,22,240,9,235
2021-07-01 22:00:00,16,245,27,260,28,220,24,245,25,240,9,235
2021-07-01 23:00:00,14,235,27,260,29,230,23,240,24,250,7,245
